Vp P7-Indiv_Ch_P78_NA P7-Indiv_Ch_P78_NA_Odd P7-Indiv_Ch_P78_NA_Even P7-Indiv_Ch_P78_AN P7-Indiv_Ch_P78_AN_Odd P7-Indiv_Ch_P78_AN_Even P8-Indiv_Ch_P78_NA P8-Indiv_Ch_P78_NA_Odd P8-Indiv_Ch_P78_NA_Even P8-Indiv_Ch_P78_AN P8-Indiv_Ch_P78_AN_Odd P8-Indiv_Ch_P78_AN_Even VEOG-Indiv_Ch_P78_NA VEOG-Indiv_Ch_P78_NA_Odd VEOG-Indiv_Ch_P78_NA_Even VEOG-Indiv_Ch_P78_AN VEOG-Indiv_Ch_P78_AN_Odd VEOG-Indiv_Ch_P78_AN_Even HEOG-Indiv_Ch_P78_NA HEOG-Indiv_Ch_P78_NA_Odd HEOG-Indiv_Ch_P78_NA_Even HEOG-Indiv_Ch_P78_AN HEOG-Indiv_Ch_P78_AN_Odd HEOG-Indiv_Ch_P78_AN_Even Ipsi_P78-Indiv_Ch_P78_NA Ipsi_P78-Indiv_Ch_P78_NA_Odd Ipsi_P78-Indiv_Ch_P78_NA_Even Ipsi_P78-Indiv_Ch_P78_AN Ipsi_P78-Indiv_Ch_P78_AN_Odd Ipsi_P78-Indiv_Ch_P78_AN_Even Contra_P78-Indiv_Ch_P78_NA Contra_P78-Indiv_Ch_P78_NA_Odd Contra_P78-Indiv_Ch_P78_NA_Even Contra_P78-Indiv_Ch_P78_AN Contra_P78-Indiv_Ch_P78_AN_Odd Contra_P78-Indiv_Ch_P78_AN_Even PO7-Indiv_Ch_P78_NA PO7-Indiv_Ch_P78_NA_Odd PO7-Indiv_Ch_P78_NA_Even PO7-Indiv_Ch_P78_AN PO7-Indiv_Ch_P78_AN_Odd PO7-Indiv_Ch_P78_AN_Even Contra_PO-Indiv_Ch_P78_NA Contra_PO-Indiv_Ch_P78_NA_Odd Contra_PO-Indiv_Ch_P78_NA_Even Contra_PO-Indiv_Ch_P78_AN Contra_PO-Indiv_Ch_P78_AN_Odd Contra_PO-Indiv_Ch_P78_AN_Even
102_Dot_Probe_Block1 2.334496 1.486322 3.182668 1.966268 2.798851 1.133686 4.733315 4.789234 4.677393 4.038887 4.379052 3.698721 -1.205504 -0.364559 -2.046443 0.751988 1.151082 0.352897 0.346655 1.153846 -0.460536 0.009764 1.636260 -1.616732 4.733315 4.789234 4.677393 1.966268 2.798851 1.133686 2.334496 1.486322 3.182668 4.038887 4.379052 3.698721 4.682464 3.880047 5.484882 4.223930 5.226336 3.221527 4.682464 3.880047 5.484882 ??? ??? ???
103_Dot_Probe_Block1 4.531196 4.869248 4.193140 6.129388 6.050230 6.208547 5.942795 7.548019 4.337569 6.255110 6.574434 5.935785 -7.465216 -6.134954 -8.795480 -4.076025 -5.274803 -2.877257 0.369345 -0.107094 0.845783 3.360371 4.354373 2.366370 5.942795 7.548019 4.337569 6.129388 6.050230 6.208547 4.531196 4.869248 4.193140 6.255110 6.574434 5.935785 5.034105 5.647744 4.420468 6.019121 6.608548 5.429693 5.034105 5.647744 4.420468 ??? ??? ???
105_Dot_Probe_Block1 3.827684 3.697083 3.958286 4.317811 3.850883 4.784742 2.835526 2.326348 3.344704 2.632368 2.330626 2.934110 -4.456718 -3.882486 -5.030999 -3.216639 -2.367047 -4.066234 -0.124312 0.027225 -0.275850 -0.369574 0.029197 -0.768346 2.835526 2.326348 3.344704 4.317811 3.850883 4.784742 3.827684 3.697083 3.958286 2.632368 2.330626 2.934110 3.768667 3.780567 3.756770 3.988432 4.197233 3.779631 3.768667 3.780567 3.756770 ??? ??? ???
106_Dot_Probe_Block1 -0.034403 1.734760 -1.857180 0.822934 0.022810 1.645285 5.216402 5.836099 4.577926 2.917371 2.133403 3.723117 0.226217 1.250664 -0.829272 0.572338 -0.399707 1.571381 -1.118260 -0.484271 -1.771461 0.636963 0.692112 0.580281 5.216402 5.836099 4.577926 0.822934 0.022810 1.645285 -0.034403 1.734760 -1.857180 2.917371 2.133403 3.723117 1.953911 3.282425 0.585140 2.991937 2.639673 3.353986 1.953911 3.282425 0.585140 ??? ??? ???
107_Dot_Probe_Block1 1.522025 1.627879 1.414055 2.329999 2.317077 2.342920 2.820391 2.807813 2.833223 2.423113 2.399953 2.446274 0.290600 1.381392 -0.822003 -2.386111 -2.707539 -2.064690 0.293162 0.821197 -0.245435 0.940001 0.959596 0.920409 2.820391 2.807813 2.833223 2.329999 2.317077 2.342920 1.522025 1.627879 1.414055 2.423113 2.399953 2.446274 1.289230 1.798875 0.769392 1.747615 1.729394 1.765836 1.289230 1.798875 0.769392 ??? ??? ???
108_Dot_Probe_Block1 5.122167 4.970007 5.274329 5.760362 5.106188 6.414538 8.310319 8.376841 8.243793 8.166374 7.830074 8.502675 1.238599 1.561383 0.915814 1.778388 1.282477 2.274299 -0.410954 -0.891507 0.069599 -0.235399 -0.443082 -0.027717 8.310319 8.376841 8.243793 5.760362 5.106188 6.414538 5.122167 4.970007 5.274329 8.166374 7.830074 8.502675 9.902879 10.031463 9.774297 10.567025 9.915605 11.218450 9.902879 10.031463 9.774297 ??? ??? ???
109_Dot_Probe_Block1 -0.313143 0.212779 -0.839066 0.331577 0.782246 -0.119091 1.928121 3.120790 0.735453 1.583827 1.408459 1.759194 -10.847372 -10.882154 -10.812615 -13.296847 -11.859060 -14.734649 -1.934037 -2.075772 -1.792302 -1.665848 -0.274681 -3.057015 1.928121 3.120790 0.735453 0.331577 0.782246 -0.119091 -0.313143 0.212779 -0.839066 1.583827 1.408459 1.759194 1.230795 1.628268 0.833324 1.905350 1.865510 1.945190 1.230795 1.628268 0.833324 ??? ??? ???
110_Dot_Probe_Block1 4.076186 4.529768 3.602882 3.974792 1.877441 6.072144 6.284855 4.613793 8.028568 3.860117 4.826422 2.893815 0.438741 -2.086409 3.073680 0.878580 2.270524 -0.513362 -0.817553 0.561661 -2.256736 0.634691 -1.433847 2.703231 6.284855 4.613793 8.028568 3.974792 1.877441 6.072144 4.076186 4.529768 3.602882 3.860117 4.826422 2.893815 5.002358 6.097320 3.859789 5.927812 4.670716 7.184906 5.002358 6.097320 3.859789 ??? ??? ???
112_Dot_Probe_Block1 2.674052 2.601254 2.746848 2.258209 2.936672 1.579746 4.446788 4.997799 3.895779 4.129840 4.687850 3.571831 -1.294544 -2.315513 -0.273580 -1.439942 -0.522896 -2.356992 -0.069134 -0.947048 0.808777 -0.300037 -0.482612 -0.117463 4.446788 4.997799 3.895779 2.258209 2.936672 1.579746 2.674052 2.601254 2.746848 4.129840 4.687850 3.571831 -0.876595 -0.961436 -0.791754 -0.723575 -0.380380 -1.066772 -0.876595 -0.961436 -0.791754 ??? ??? ???
113_Dot_Probe_Block1 5.836662 6.566768 5.106554 6.306568 7.129235 5.483900 4.765798 4.492863 5.038733 3.559921 3.566171 3.553668 2.708392 1.838484 3.578297 -0.250106 -0.555573 0.055362 -0.466996 1.660539 -2.594531 1.034723 0.083718 1.985726 4.765798 4.492863 5.038733 6.306568 7.129235 5.483900 5.836662 6.566768 5.106554 3.559921 3.566171 3.553668 6.876304 7.432274 6.320334 7.188683 8.275598 6.101772 6.876304 7.432274 6.320334 ??? ??? ???
114_Dot_Probe_Block1 4.279324 3.626882 4.948497 4.352794 4.092055 4.613533 4.059096 4.248270 3.865071 3.175804 2.777358 3.574248 4.280654 3.893072 4.678175 3.451255 4.636106 2.266408 -1.230666 -1.565661 -0.887081 -0.342620 -0.223819 -0.461420 4.059096 4.248270 3.865071 4.352794 4.092055 4.613533 4.279324 3.626882 4.948497 3.175804 2.777358 3.574248 6.629151 5.734515 7.546727 6.604916 6.551143 6.658686 6.629151 5.734515 7.546727 ??? ??? ???
116_Dot_Probe_Block1 2.506632 3.071996 1.924640 2.123564 1.439818 2.807309 2.806248 2.717919 2.897173 1.473882 0.690940 2.256825 -0.683702 -2.085851 0.759699 0.288113 1.249917 -0.673685 0.705520 0.207084 1.218615 0.514819 1.252188 -0.222549 2.806248 2.717919 2.897173 2.123564 1.439818 2.807309 2.506632 3.071996 1.924640 1.473882 0.690940 2.256825 1.496768 2.482886 0.481647 0.770094 0.150980 1.389208 1.496768 2.482886 0.481647 ??? ??? ???
119_Dot_Probe_Block1 1.838285 1.364660 2.311911 1.583270 0.835642 2.330899 0.310812 0.742846 -0.121221 0.139784 0.296922 -0.017353 -7.386588 -10.023676 -4.749507 -10.304490 -10.580750 -10.028239 -1.927034 -2.121960 -1.732107 -1.211777 -0.765224 -1.658329 0.310812 0.742846 -0.121221 1.583270 0.835642 2.330899 1.838285 1.364660 2.311911 0.139784 0.296922 -0.017353 1.805756 1.328002 2.283512 2.424882 1.716163 3.133600 1.805756 1.328002 2.283512 ??? ??? ???
121_Dot_Probe_Block1 0.902302 -0.199373 2.003976 1.635682 1.402333 1.875340 3.205154 3.210063 3.200244 2.612231 2.524490 2.702343 1.995615 2.657802 1.333423 2.167012 -0.098656 4.493917 -0.314379 -1.084936 0.456179 0.370361 1.230340 -0.512860 3.205154 3.210063 3.200244 1.635682 1.402333 1.875340 0.902302 -0.199373 2.003976 2.612231 2.524490 2.702343 3.115538 1.804377 4.426696 3.511302 2.930209 4.108100 3.115538 1.804377 4.426696 ??? ??? ???
123_Dot_Probe_Block1 1.342870 1.127563 1.558177 2.067999 2.039270 2.097487 4.662002 4.722438 4.601563 4.332896 3.604541 5.080417 4.041466 3.060112 5.022819 1.331185 -0.146025 2.847270 -0.346961 -1.325254 0.631332 -0.598542 -0.327309 -0.876911 4.662002 4.722438 4.601563 2.067999 2.039270 2.097487 1.342870 1.127563 1.558177 4.332896 3.604541 5.080417 2.559572 2.016521 3.102622 3.243237 3.308556 3.176197 2.559572 2.016521 3.102622 ??? ??? ???
124_Dot_Probe_Block1 -0.334966 -1.584069 1.330506 -1.257505 -2.335889 0.180341 -1.776846 -1.389044 -2.293917 5.486479 7.153610 3.263641 -0.015544 -0.049328 0.029501 -0.111554 -0.002821 -0.256531 -0.175230 2.669292 -3.967923 -0.840939 -1.845409 0.498355 -1.776846 -1.389044 -2.293917 -1.257505 -2.335889 0.180341 -0.334966 -1.584069 1.330506 5.486479 7.153610 3.263641 0.625215 -0.400379 1.992674 0.907520 1.025062 0.750795 0.625215 -0.400379 1.992674 ??? ??? ???
125_Dot_Probe_Block1 1.433134 1.840145 1.026122 0.904498 0.501609 1.307388 6.386073 7.013709 5.758436 6.503543 6.409470 6.597613 -2.504152 -1.513057 -3.495252 -1.959971 -1.232601 -2.687354 -0.346386 0.075691 -0.768461 0.549470 0.843163 0.255776 6.386073 7.013709 5.758436 0.904498 0.501609 1.307388 1.433134 1.840145 1.026122 6.503543 6.409470 6.597613 1.994583 2.547289 1.441878 1.408864 0.667810 2.149919 1.994583 2.547289 1.441878 ??? ??? ???
126_Dot_Probe_Block1 -10.636600 -10.636600 0.000000 0.379305 -3.087529 3.846138 2.470820 2.470820 0.000000 -4.964970 -2.429559 -7.500381 -2.303174 -2.303174 0.000000 -1.851591 -10.782395 7.079233 4.275033 4.275033 0.000000 3.094619 0.291016 5.898229 2.470820 2.470820 0.000000 0.379305 -3.087529 3.846138 -10.636600 -10.636600 0.000000 -4.964970 -2.429559 -7.500381 -10.023641 -10.023641 0.000000 -0.024999 -2.558936 2.508939 -10.023641 -10.023641 0.000000 ??? ??? ???
127_Dot_Probe_Block1 2.922023 2.413402 3.430643 4.882321 4.267700 5.496944 2.388673 1.216384 3.560962 2.595239 2.209882 2.980594 -5.200302 -5.781736 -4.618856 1.863148 -2.462056 6.188359 0.583874 1.711296 -0.543549 1.881727 4.186383 -0.422928 2.388673 1.216384 3.560962 4.882321 4.267700 5.496944 2.922023 2.413402 3.430643 2.595239 2.209882 2.980594 5.713026 5.281521 6.144533 7.989840 7.476770 8.502907 5.713026 5.281521 6.144533 ??? ??? ???
128_Dot_Probe_Block1 7.215209 8.081272 6.349144 8.322113 5.587119 11.057109 4.051641 4.007774 4.095510 3.613630 3.557134 3.670129 -3.743263 -1.370922 -6.115596 -6.728807 -4.166449 -9.291142 -1.084414 -1.114860 -1.053968 0.471103 -2.210022 3.152229 4.051641 4.007774 4.095510 8.322113 5.587119 11.057109 7.215209 8.081272 6.349144 3.613630 3.557134 3.670129 8.368573 8.450809 8.286341 9.553733 5.539912 13.567549 8.368573 8.450809 8.286341 ??? ??? ???
129_Dot_Probe_Block1 6.308439 7.873586 4.743291 6.694776 7.406372 5.938702 10.458603 11.440620 9.476583 11.528539 12.231188 10.781982 -7.235656 -3.724178 -10.747162 -8.478621 -6.765800 -10.298504 -0.119020 0.283715 -0.521754 0.748939 0.603716 0.903238 10.458603 11.440620 9.476583 6.694776 7.406372 5.938702 6.308439 7.873586 4.743291 11.528539 12.231188 10.781982 9.719398 9.839093 9.599707 7.367963 8.783077 5.864409 9.719398 9.839093 9.599707 ??? ??? ???
130_Dot_Probe_Block1 3.839714 4.025100 3.654325 2.880552 2.794482 2.966624 1.957036 1.496305 2.417767 1.182176 1.095051 1.269302 -1.044462 -2.671720 0.582800 -2.039356 -0.836548 -3.242162 -0.545792 -1.705462 0.613877 -0.912626 -0.678101 -1.147151 1.957036 1.496305 2.417767 2.880552 2.794482 2.966624 3.839714 4.025100 3.654325 1.182176 1.095051 1.269302 5.971217 6.394385 5.548046 4.836425 4.105511 5.567340 5.971217 6.394385 5.548046 ??? ??? ???
133_Dot_Probe_Block1 4.915608 4.585029 5.255125 4.535783 4.564373 4.506377 6.168232 6.400293 5.929901 6.502366 6.588660 6.413605 -0.432188 -0.793889 -0.060713 -0.937467 -2.037068 0.193546 -1.117816 -1.857933 -0.357695 -0.287243 -0.231247 -0.344839 6.168232 6.400293 5.929901 4.535783 4.564373 4.506377 4.915608 4.585029 5.255125 6.502366 6.588660 6.413605 5.014433 4.804420 5.230123 4.799924 5.060477 4.531927 5.014433 4.804420 5.230123 ??? ??? ???
134_Dot_Probe_Block1 5.160702 4.933646 5.387758 5.669751 5.613035 5.728934 4.169834 4.219148 4.120523 4.900046 5.498436 4.275640 -7.101020 -7.248340 -6.953699 -5.771616 -5.264737 -6.300531 -0.607019 -1.053197 -0.160843 -1.734126 -0.285917 -3.245301 4.169834 4.219148 4.120523 5.669751 5.613035 5.728934 5.160702 4.933646 5.387758 4.900046 5.498436 4.275640 6.933398 6.515627 7.351171 7.439074 7.254460 7.631714 6.933398 6.515627 7.351171 ??? ??? ???
135_Dot_Probe_Block1 4.258312 2.783520 5.819859 4.950344 4.607185 5.313694 5.416690 5.323685 5.515168 3.764742 4.493312 2.993318 -3.529722 -3.595264 -3.460312 -4.311983 -2.674642 -6.045650 -2.522536 -2.362644 -2.691833 1.739759 0.857741 2.673659 5.416690 5.323685 5.515168 4.950344 4.607185 5.313694 4.258312 2.783520 5.819859 3.764742 4.493312 2.993318 13.142707 11.153186 15.249266 13.402044 13.367455 13.438671 13.142707 11.153186 15.249266 ??? ??? ???
136_Dot_Probe_Block1 4.323361 4.372293 4.274428 5.393299 4.526753 6.287804 5.448225 4.615293 6.281157 3.493049 2.531165 4.485962 -4.183498 -3.195922 -5.171069 -3.520391 -3.350716 -3.695538 -1.459653 -3.017629 0.098329 1.531632 0.888625 2.195380 5.448225 4.615293 6.281157 5.393299 4.526753 6.287804 4.323361 4.372293 4.274428 3.493049 2.531165 4.485962 7.272491 6.919923 7.625062 7.761723 6.076916 9.500876 7.272491 6.919923 7.625062 ??? ??? ???
137_Dot_Probe_Block1 1.939247 2.810562 1.036813 2.387478 2.720466 2.054490 3.302410 3.014122 3.600995 3.054030 3.474161 2.633901 2.889402 2.629814 3.158261 0.151147 1.152130 -0.849828 0.875098 0.912974 0.835871 0.009231 0.324735 -0.306276 3.302410 3.014122 3.600995 2.387478 2.720466 2.054490 1.939247 2.810562 1.036813 3.054030 3.474161 2.633901 3.467024 3.950783 2.965988 3.667526 3.820635 3.514417 3.467024 3.950783 2.965988 ??? ??? ???
138_Dot_Probe_Block1 4.554857 4.035277 5.074436 3.743296 3.892476 3.582642 2.848032 3.695142 2.000920 3.917960 1.577459 6.438499 -3.104022 4.210280 -10.418342 -7.646225 -8.076505 -7.182835 -0.460573 -0.152742 -0.768407 -0.579757 -1.336457 0.235144 2.848032 3.695142 2.000920 3.743296 3.892476 3.582642 4.554857 4.035277 5.074436 3.917960 1.577459 6.438499 5.526420 4.302545 6.750293 5.077342 5.186832 4.959425 5.526420 4.302545 6.750293 ??? ??? ???
139_Dot_Probe_Block1 5.590693 7.389247 3.628632 7.813884 7.112764 8.515003 5.965718 7.650281 4.128011 6.686279 7.086672 6.285886 -0.291552 -0.922717 0.396991 5.853779 7.620849 4.086709 1.316615 1.968380 0.605598 1.821272 2.615708 1.026839 5.965718 7.650281 4.128011 7.813884 7.112764 8.515003 5.590693 7.389247 3.628632 6.686279 7.086672 6.285886 8.156586 7.977290 8.352178 9.159032 7.846009 10.472053 8.156586 7.977290 8.352178 ??? ??? ???
140_Dot_Probe_Block1 5.706715 5.643756 5.769673 5.656495 5.931538 5.381451 4.069524 3.969146 4.169902 4.080944 3.538059 4.623830 -0.058285 -0.795778 0.679213 0.283265 -0.172082 0.738622 -1.440054 0.975794 -3.855898 -1.530481 -2.042685 -1.018285 4.069524 3.969146 4.169902 5.656495 5.931538 5.381451 5.706715 5.643756 5.769673 4.080944 3.538059 4.623830 5.746124 5.442790 6.049459 5.632502 5.760072 5.504932 5.746124 5.442790 6.049459 ??? ??? ???
141_Dot_Probe_Block1 1.053288 0.188877 1.945582 1.154128 1.553730 0.740748 10.454952 8.902407 12.057589 10.053307 11.105715 8.964608 -6.364683 -5.378514 -7.382654 -5.091900 -4.927372 -5.262085 -0.660208 -0.771232 -0.545604 0.480810 0.526138 0.433917 10.454952 8.902407 12.057589 1.154128 1.553730 0.740748 1.053288 0.188877 1.945582 10.053307 11.105715 8.964608 1.800511 0.161638 3.492252 3.970474 4.554311 3.366505 1.800511 0.161638 3.492252 ??? ??? ???
142_Dot_Probe_Block1 3.439250 3.320567 3.562682 3.705540 4.221942 3.189136 2.650275 2.314451 2.999532 -0.164831 -0.901521 0.571861 2.582125 1.644180 3.557586 -0.559689 -0.340918 -0.778460 0.282344 0.411850 0.147656 0.701320 -1.355913 2.758549 2.650275 2.314451 2.999532 3.705540 4.221942 3.189136 3.439250 3.320567 3.562682 -0.164831 -0.901521 0.571861 3.424144 3.251199 3.604007 3.060815 3.567543 2.554089 3.424144 3.251199 3.604007 ??? ??? ???
143_Dot_Probe_Block1 3.749817 4.837762 2.612418 4.591010 5.503508 3.678510 8.944256 10.581445 7.232657 7.384975 7.077020 7.692929 2.846022 3.135221 2.543667 3.045886 3.457719 2.634048 -1.128433 0.153693 -2.468836 -1.705953 -0.945105 -2.466801 8.944256 10.581445 7.232657 4.591010 5.503508 3.678510 3.749817 4.837762 2.612418 7.384975 7.077020 7.692929 7.035102 8.878188 5.108239 8.221378 8.525002 7.917761 7.035102 8.878188 5.108239 ??? ??? ???
144_Dot_Probe_Block1 2.623063 3.010972 2.216682 2.723361 1.748691 3.698028 4.110873 4.458140 3.747071 3.095706 3.151424 3.039987 0.631173 -0.785909 2.115738 -2.359954 -3.648386 -1.071513 -2.062979 -2.213493 -1.905295 0.092416 -0.913497 1.098330 4.110873 4.458140 3.747071 2.723361 1.748691 3.698028 2.623063 3.010972 2.216682 3.095706 3.151424 3.039987 4.344924 4.819032 3.848239 4.035690 4.097274 3.974107 4.344924 4.819032 3.848239 ??? ??? ???
145_Dot_Probe_Block1 1.592468 1.573745 1.611190 2.451588 1.558601 3.344575 3.766634 3.706571 3.826699 3.335093 2.929222 3.740964 1.227896 1.622912 0.832880 0.029474 -0.323936 0.382882 0.490651 0.590466 0.390835 1.160747 1.673787 0.647706 3.766634 3.706571 3.826699 2.451588 1.558601 3.344575 1.592468 1.573745 1.611190 3.335093 2.929222 3.740964 2.230158 1.972450 2.487866 2.564303 2.255213 2.873393 2.230158 1.972450 2.487866 ??? ??? ???
150_Dot_Probe_Block1 5.035276 5.634392 4.418005 5.011944 4.449768 5.589735 5.939020 5.558795 6.330765 5.722974 5.791680 5.652360 0.365448 -0.184477 0.932040 4.051847 4.740837 3.343720 -1.096217 -2.097420 -0.064673 -0.878915 -0.827055 -0.932216 5.939020 5.558795 6.330765 5.011944 4.449768 5.589735 5.035276 5.634392 4.418005 5.722974 5.791680 5.652360 6.449743 6.826063 6.062020 6.058062 5.763985 6.360301 6.449743 6.826063 6.062020 ??? ??? ???
152_Dot_Probe_Block1 1.554854 1.312878 1.803743 2.814981 1.979587 3.650373 3.610312 3.649914 3.569581 2.750816 2.882754 2.618878 1.237199 -0.634751 3.162630 1.887503 1.700589 2.074417 -0.708705 0.103465 -1.544079 0.748485 1.463872 0.033099 3.610312 3.649914 3.569581 2.814981 1.979587 3.650373 1.554854 1.312878 1.803743 2.750816 2.882754 2.618878 2.070994 1.267943 2.896989 3.118756 2.427316 3.810196 2.070994 1.267943 2.896989 ??? ??? ???
153_Dot_Probe_Block1_2 2.902107 2.902174 2.902038 3.431651 3.431504 3.431798 2.540674 2.542327 2.539022 1.142487 1.141355 1.143619 -6.120474 -6.125336 -6.115624 -6.281184 -6.283553 -6.278813 0.003559 -0.000616 0.007743 2.985532 2.989173 2.981889 2.540674 2.542327 2.539022 3.431651 3.431504 3.431798 2.902107 2.902174 2.902038 1.142487 1.141355 1.143619 3.408947 3.408514 3.409377 2.759511 2.759112 2.759909 3.408947 3.408514 3.409377 ??? ??? ???
155_Dot_Probe_Block1 5.795427 7.607224 3.983632 7.664589 7.270958 8.072795 9.332949 10.100602 8.565291 5.685816 6.791991 4.538671 1.108768 1.217106 1.000428 4.152164 7.981053 0.181467 1.907677 2.657196 1.158159 2.578845 2.244320 2.925757 9.332949 10.100602 8.565291 7.664589 7.270958 8.072795 5.795427 7.607224 3.983632 5.685816 6.791991 4.538671 7.816597 10.383306 5.249887 8.801420 8.678932 8.928447 7.816597 10.383306 5.249887 ??? ??? ???
156_Dot_Probe_Block1 3.834680 3.522495 4.162475 4.228437 3.605864 4.851006 4.957659 5.314195 4.583300 6.070154 5.830648 6.309652 -0.166310 0.189835 -0.540267 0.336476 -0.390121 1.063074 0.317191 0.983847 -0.382796 1.867073 3.506287 0.227857 4.957659 5.314195 4.583300 4.228437 3.605864 4.851006 3.834680 3.522495 4.162475 6.070154 5.830648 6.309652 5.154509 4.704726 5.626782 5.357697 4.415548 6.299848 5.154509 4.704726 5.626782 ??? ??? ???
158_Dot_Probe_Block1 0.864235 0.734526 1.000429 0.947106 0.615428 1.293204 3.266598 3.611836 2.904098 1.133883 1.196518 1.068524 -8.223829 -6.830400 -9.686917 -7.859907 -7.106076 -8.646528 0.858197 2.104159 -0.450065 0.093776 -0.985351 1.219822 3.266598 3.611836 2.904098 0.947106 0.615428 1.293204 0.864235 0.734526 1.000429 1.133883 1.196518 1.068524 1.797360 1.523516 2.084893 2.344259 2.523452 2.157274 1.797360 1.523516 2.084893 ??? ??? ???
159_Dot_Probe_Block1 1.367747 1.583189 1.044585 4.240256 3.676461 5.085947 3.556842 2.883167 4.567352 2.321815 0.570657 4.948554 3.892317 2.731764 5.633146 -1.320206 -1.377735 -1.233914 0.223712 0.189179 0.275511 0.348840 0.140767 0.660949 3.556842 2.883167 4.567352 4.240256 3.676461 5.085947 1.367747 1.583189 1.044585 2.321815 0.570657 4.948554 3.427571 2.543920 4.753047 6.544748 6.091571 7.224511 3.427571 2.543920 4.753047 ??? ??? ???
164_REW_EEG_Task 3.631031 5.080851 2.181211 2.813207 1.729764 3.931600 2.717389 2.903611 2.531167 3.649602 3.589992 3.711133 -0.591844 -1.498330 0.314642 0.298710 0.365115 0.230168 0.483533 0.324401 0.642665 -0.882356 -0.842949 -0.923034 2.717389 2.903611 2.531167 2.813207 1.729764 3.931600 3.631031 5.080851 2.181211 3.649602 3.589992 3.711133 9.652625 10.686285 8.618962 9.459680 8.596309 10.350895 9.652625 10.686285 8.618962 ??? ??? ???
165_Dot_Probe_Block1 -1.760437 -2.060955 -1.450814 0.858262 1.190493 0.526030 -0.570505 -1.037151 -0.089719 -0.177026 0.010005 -0.364058 -1.524353 0.006567 -3.101660 0.401409 2.128190 -1.325372 0.869534 -0.665905 2.451502 0.092220 1.642874 -1.458434 -0.570505 -1.037151 -0.089719 0.858262 1.190493 0.526030 -1.760437 -2.060955 -1.450814 -0.177026 0.010005 -0.364058 -1.423800 -1.379949 -1.468980 1.076020 1.357903 0.794137 -1.423800 -1.379949 -1.468980 ??? ??? ???
169_Dot_Probe_Block1 3.861125 3.018672 4.703580 4.376082 4.800529 3.951637 2.110246 1.859969 2.360525 1.520148 1.151518 1.888778 -3.415073 -0.937183 -5.892961 -5.368151 -0.355670 -10.380631 -1.653580 -1.356542 -1.950617 2.069223 1.343103 2.795344 2.110246 1.859969 2.360525 4.376082 4.800529 3.951637 3.861125 3.018672 4.703580 1.520148 1.151518 1.888778 6.654892 4.561530 8.748257 7.657341 9.075146 6.239535 6.654892 4.561530 8.748257 ??? ??? ???
172_Dot_Probe_Block1 3.753315 5.030869 2.428443 4.083139 4.114666 4.050356 5.581729 6.561534 4.565635 4.542360 4.979819 4.087404 -5.614076 -4.104548 -7.179516 -4.632357 -3.931011 -5.361763 0.274604 -0.000710 0.560114 -0.613213 -1.107955 -0.098682 5.581729 6.561534 4.565635 4.083139 4.114666 4.050356 3.753315 5.030869 2.428443 4.542360 4.979819 4.087404 6.095671 7.983756 4.137654 6.182618 5.999692 6.372862 6.095671 7.983756 4.137654 ??? ??? ???
174_Dot_Probe_Block1 5.712749 5.501243 5.929678 5.302835 4.873172 5.732495 5.302041 4.275265 6.355141 3.481967 2.907397 4.056537 0.970461 -0.113216 2.081923 -1.291593 -1.256456 -1.326730 0.345375 0.048686 0.649671 0.478103 1.316819 -0.360612 5.302041 4.275265 6.355141 5.302835 4.873172 5.732495 5.712749 5.501243 5.929678 3.481967 2.907397 4.056537 -19.114389 2.653929 -41.440887 4.039497 7.519821 0.559169 -19.114389 2.653929 -41.440887 ??? ??? ???
198_Dot_Probe_Block1 1.256000 1.491242 1.011709 2.041723 2.637456 1.445992 3.502820 4.087137 2.896027 4.026741 5.474744 2.578742 -5.620373 -8.463785 -2.667577 -4.355090 -0.492904 -8.217257 0.623035 2.220182 -1.035537 -0.686407 -0.328712 -1.044102 3.502820 4.087137 2.896027 2.041723 2.637456 1.445992 1.256000 1.491242 1.011709 4.026741 5.474744 2.578742 3.187999 2.784183 3.607348 4.936985 5.291521 4.582450 3.187999 2.784183 3.607348 ??? ??? ???
199_Dot_Probe_Block1 1.340800 0.585085 2.096514 0.068222 -0.760649 0.897092 -0.998367 -1.601280 -0.395454 -0.860028 -0.634900 -1.085155 -5.370496 -5.257156 -5.483801 -2.373977 -2.813176 -1.934764 0.540732 0.621837 0.459627 1.127778 -0.583196 2.838751 -0.998367 -1.601280 -0.395454 0.068222 -0.760649 0.897092 1.340800 0.585085 2.096514 -0.860028 -0.634900 -1.085155 2.335955 1.449854 3.222056 1.213778 0.487589 1.939969 2.335955 1.449854 3.222056 ??? ??? ???
213_Dot_Probe_Block1 1.711396 2.430857 0.991935 2.219671 2.548059 1.891282 4.142671 5.466218 2.819123 4.112364 5.188704 3.036025 -21.423845 -21.130976 -21.716627 -20.603182 -19.579453 -21.626955 0.914529 2.779983 -0.950922 0.627338 -0.848333 2.103011 4.142671 5.466218 2.819123 2.219671 2.548059 1.891282 1.711396 2.430857 0.991935 4.112364 5.188704 3.036025 2.966944 4.038311 1.895578 2.871378 3.773151 1.969603 2.966944 4.038311 1.895578 ??? ??? ???
214_Dot_Probe_Block1 1.921628 1.487707 2.355548 3.174109 2.741023 3.607197 3.464632 3.305443 3.623824 3.391268 3.239338 3.543197 -4.208712 -3.775442 -4.641978 -7.012047 -8.993168 -5.030915 1.594004 2.580783 0.607224 0.155185 0.448117 -0.137747 3.464632 3.305443 3.623824 3.174109 2.741023 3.607197 1.921628 1.487707 2.355548 3.391268 3.239338 3.543197 2.769325 2.050527 3.488123 4.125284 3.813780 4.436787 2.769325 2.050527 3.488123 ??? ??? ???
215_Dot_Probe_Block1 4.890244 4.461051 5.332849 4.865510 4.423868 5.319770 12.912989 12.745761 13.085451 12.519691 12.427923 12.614078 0.882915 -1.049421 2.875629 2.009300 2.276082 1.734861 0.393175 0.475973 0.307789 -0.131140 -0.928595 0.689100 12.912989 12.745761 13.085451 4.865510 4.423868 5.319770 4.890244 4.461051 5.332849 12.519691 12.427923 12.614078 5.847919 5.026681 6.694819 6.209069 5.776119 6.654389 5.847919 5.026681 6.694819 ??? ??? ???
217_Dot_Probe_Block1 3.977490 4.614843 3.321391 3.282249 2.852319 3.723799 4.998308 5.245148 4.744208 5.247224 5.284327 5.209123 1.930006 2.428408 1.416946 1.351049 1.284348 1.419551 -1.021179 0.540438 -2.628728 -0.671444 -1.140491 -0.189719 4.998308 5.245148 4.744208 3.282249 2.852319 3.723799 3.977490 4.614843 3.321391 5.247224 5.284327 5.209123 10.116416 10.551778 9.668244 10.049944 10.308447 9.784455 10.116416 10.551778 9.668244 ??? ??? ???
218_Dot_Probe_Block1 -1.014987 -0.880057 -1.153468 -0.695866 -0.568148 -0.827034 12.709575 13.011139 12.400071 12.338951 12.953093 11.708211 1.107879 0.840814 1.381970 0.026956 0.803064 -0.770130 -2.326557 -2.376005 -2.275809 -1.809451 -2.096480 -1.514662 12.709575 13.011139 12.400071 -0.695866 -0.568148 -0.827034 -1.014987 -0.880057 -1.153468 12.338951 12.953093 11.708211 -1.742466 -0.872414 -2.635415 -1.308038 -1.215894 -1.402673 -1.742466 -0.872414 -2.635415 ??? ??? ???
221_Dot_Probe_Block1 5.488209 6.141719 4.834697 5.958967 5.483971 6.446803 10.291045 10.551988 10.030103 9.532862 9.538471 9.527102 0.033902 0.907335 -0.839526 0.468301 1.266477 -0.351450 0.286453 0.324640 0.248266 -1.441574 -1.975042 -0.893687 10.291045 10.551988 10.030103 5.958967 5.483971 6.446803 5.488209 6.141719 4.834697 9.532862 9.538471 9.527102 7.368808 7.585914 7.151704 8.474811 8.141408 8.817224 7.368808 7.585914 7.151704 ??? ??? ???
222_Dot_Probe_Block1 2.926610 2.777686 3.096808 4.677487 4.817379 4.523607 5.782615 7.420221 3.911063 8.673968 7.214271 10.279636 -5.481617 -0.010056 -11.734832 -8.723326 -13.981449 -2.939375 -0.690126 -0.558342 -0.840733 -2.421272 -3.910865 -0.782717 5.782615 7.420221 3.911063 4.677487 4.817379 4.523607 2.926610 2.777686 3.096808 8.673968 7.214271 10.279636 3.456673 3.616608 3.273886 5.114887 5.310011 4.900251 3.456673 3.616608 3.273886 ??? ??? ???
223_Dot_Probe_Block1 1.028412 0.587956 1.468867 2.129883 2.368723 1.884919 0.973680 0.263060 1.684300 1.448983 0.943186 1.967749 -1.347584 -2.170376 -0.524799 -0.366556 -1.008443 0.291790 -1.400772 -1.915924 -0.885618 -0.973064 -1.069842 -0.873805 0.973680 0.263060 1.684300 2.129883 2.368723 1.884919 1.028412 0.587956 1.468867 1.448983 0.943186 1.967749 1.036994 0.561098 1.512891 2.099442 2.347876 1.844638 1.036994 0.561098 1.512891 ??? ??? ???
224_Dot_Probe_Block1 3.026041 2.647829 3.414476 3.089868 4.237108 1.911622 4.222285 4.767890 3.661932 5.246009 5.088289 5.407993 1.620125 3.713639 -0.529967 2.115388 2.482822 1.738027 0.731445 0.343796 1.129571 -0.897391 -0.400429 -1.407784 4.222285 4.767890 3.661932 3.089868 4.237108 1.911622 3.026041 2.647829 3.414476 5.246009 5.088289 5.407993 7.016956 7.122157 6.908914 6.888911 7.709478 6.046169 7.016956 7.122157 6.908914 ??? ??? ???
225_Dot_Probe_Block1 6.815889 7.604813 6.003059 9.060297 8.338270 9.804205 5.993260 6.099004 5.884314 6.614847 6.447698 6.787058 -0.691029 0.571511 -1.991826 1.192435 0.526082 1.878985 2.735014 3.503808 1.942918 2.350977 2.308249 2.394999 5.993260 6.099004 5.884314 9.060297 8.338270 9.804205 6.815889 7.604813 6.003059 6.614847 6.447698 6.787058 12.545407 13.097536 11.976550 14.854429 14.991444 14.713256 12.545407 13.097536 11.976550 ??? ??? ???
226_Dot_Probe_Block1 0.063511 0.914323 -0.813083 -0.765573 -1.516859 -0.014286 2.805800 2.844453 2.765978 1.893185 2.766340 1.020031 -2.430281 -1.596726 -3.289095 -3.237529 -2.559411 -3.915650 -2.446362 -0.716483 -4.228663 -0.498296 1.177672 -2.174264 2.805800 2.844453 2.765978 -0.765573 -1.516859 -0.014286 0.063511 0.914323 -0.813083 1.893185 2.766340 1.020031 4.324436 5.489169 3.124403 3.168349 2.980481 3.356216 4.324436 5.489169 3.124403 ??? ??? ???
227_Dot_Probe_Block1 1.353911 1.183665 1.524155 1.877119 1.734436 2.024126 5.551884 5.639987 5.463783 4.566648 4.910907 4.211957 -0.138450 0.043536 -0.320437 0.144265 -0.014025 0.307351 -0.638543 1.324916 -2.602003 1.072603 1.648267 0.479492 5.551884 5.639987 5.463783 1.877119 1.734436 2.024126 1.353911 1.183665 1.524155 4.566648 4.910907 4.211957 4.987317 5.630461 4.344173 5.458687 5.241521 5.682432 4.987317 5.630461 4.344173 ??? ??? ???
228_Dot_Probe_Block1 0.385303 0.914863 -0.144258 0.946679 0.902659 0.992795 2.058534 2.473325 1.643745 4.609267 5.893125 3.264278 -2.621012 -2.505000 -2.737025 -1.251090 -3.463853 1.067042 1.722632 3.333206 0.112059 -1.728455 -2.575497 -0.841075 2.058534 2.473325 1.643745 0.946679 0.902659 0.992795 0.385303 0.914863 -0.144258 4.609267 5.893125 3.264278 2.494300 3.331108 1.657492 3.698505 4.676738 2.673690 2.494300 3.331108 1.657492 ??? ??? ???
229_Dot_Probe_Block1 4.224365 4.430902 4.012533 3.216549 2.550960 3.899654 2.816571 3.831591 1.775522 2.336605 1.842164 2.844059 2.411188 1.818759 3.018808 1.550532 2.677600 0.393806 -0.882982 -0.402565 -1.375717 -0.836384 -1.568303 -0.085205 2.816571 3.831591 1.775522 3.216549 2.550960 3.899654 4.224365 4.430902 4.012533 2.336605 1.842164 2.844059 5.671277 5.961288 5.373831 4.007735 3.661934 4.362635 5.671277 5.961288 5.373831 ??? ??? ???
230_Dot_Probe_Block1 1.573420 0.739991 2.453151 1.507406 2.478096 0.536717 3.876244 2.828745 4.981938 3.952380 3.665044 4.239717 -1.117059 -1.730027 -0.470039 2.406772 2.787262 2.026283 -0.957515 -0.815433 -1.107488 0.689336 0.967843 0.410830 3.876244 2.828745 4.981938 1.507406 2.478096 0.536717 1.573420 0.739991 2.453151 3.952380 3.665044 4.239717 2.525120 1.515876 3.590433 2.500041 3.360165 1.639918 2.525120 1.515876 3.590433 ??? ??? ???
231_Dot_Probe_Block1 1.332940 1.247479 1.421348 1.443996 2.602476 0.285515 2.987500 2.740154 3.243378 3.765672 3.257044 4.274301 -4.279905 -2.590673 -6.027404 -4.627398 -6.090803 -3.164021 1.584244 0.462997 2.744156 -0.057123 1.118726 -1.232973 2.987500 2.740154 3.243378 1.443996 2.602476 0.285515 1.332940 1.247479 1.421348 3.765672 3.257044 4.274301 3.696257 2.985185 4.431855 3.099581 4.605792 1.593371 3.696257 2.985185 4.431855 ??? ??? ???
233_Dot_Probe_Block1 1.350056 0.629079 2.089520 2.174349 2.465513 1.883184 1.154060 0.632740 1.688747 0.814768 0.926369 0.703170 -3.204291 -2.986501 -3.427660 -3.757115 -1.727967 -5.786258 1.720302 1.827507 1.610348 -0.210796 0.080820 -0.502413 1.154060 0.632740 1.688747 2.174349 2.465513 1.883184 1.350056 0.629079 2.089520 0.814768 0.926369 0.703170 3.535039 2.755684 4.334378 4.141204 4.356742 3.925667 3.535039 2.755684 4.334378 ??? ??? ???
234_Dot_Probe_Block1 4.420477 4.449912 4.391042 4.461000 4.684674 4.230548 6.135410 6.734687 5.536133 5.822581 5.730272 5.917687 -1.512577 -0.628808 -2.396338 -2.393746 -2.001929 -2.797417 4.299632 4.399742 4.199522 4.165739 4.140808 4.191429 6.135410 6.734687 5.536133 4.461000 4.684674 4.230548 4.420477 4.449912 4.391042 5.822581 5.730272 5.917687 5.529852 5.360588 5.699114 5.241817 4.941497 5.551236 5.529852 5.360588 5.699114 ??? ??? ???
235_Dot_Probe_Block1 2.429301 2.672211 2.186391 1.942580 2.472982 1.412177 2.336801 2.299802 2.373802 5.263425 4.388164 6.138687 -11.094524 -6.864515 -15.324522 -12.835493 -7.110209 -18.560772 3.871450 4.600785 3.142116 -1.893291 -1.886109 -1.900476 2.336801 2.299802 2.373802 1.942580 2.472982 1.412177 2.429301 2.672211 2.186391 5.263425 4.388164 6.138687 4.289375 4.405321 4.173425 4.005307 4.525943 3.484671 4.289375 4.405321 4.173425 ??? ??? ???
237_Dot_Probe_Block1 6.358461 6.307916 6.409008 5.273539 6.030691 4.516385 6.170204 5.401569 6.938832 4.668356 5.582507 3.754207 -2.617841 -2.401119 -2.834572 -2.424763 -1.274320 -3.575200 -0.063320 -0.011489 -0.115151 -0.349076 1.582341 -2.280493 6.170204 5.401569 6.938832 5.273539 6.030691 4.516385 6.358461 6.307916 6.409008 4.668356 5.582507 3.754207 9.615516 9.719095 9.511935 8.148994 8.891428 7.406557 9.615516 9.719095 9.511935 ??? ??? ???
239_Dot_Probe_Block1 4.960376 5.602656 4.299202 5.217728 5.282330 5.153123 5.889332 5.820444 5.960244 5.702981 5.276896 6.129064 -1.002710 -1.285005 -0.712109 0.598392 -0.468481 1.665265 -0.140599 0.981571 -1.295773 0.280209 0.158059 0.402359 5.889332 5.820444 5.960244 5.217728 5.282330 5.153123 4.960376 5.602656 4.299202 5.702981 5.276896 6.129064 6.713308 7.302501 6.106784 6.615440 6.564841 6.666042 6.713308 7.302501 6.106784 ??? ??? ???
240_Dot_Probe_Block1 2.699718 2.909844 2.489593 4.458541 4.532058 4.382730 5.726756 5.827121 5.626392 4.982189 4.804852 5.165069 3.900512 4.026077 3.774943 3.686332 3.951311 3.413085 -1.532439 -1.076142 -1.988737 -0.486926 -2.066238 1.141738 5.726756 5.827121 5.626392 4.458541 4.532058 4.382730 2.699718 2.909844 2.489593 4.982189 4.804852 5.165069 4.742944 4.387911 5.097979 5.715644 5.704025 5.727625 4.742944 4.387911 5.097979 ??? ??? ???
241_Dot_Probe_Block1 0.334352 0.315037 0.353667 -0.198877 0.261149 -0.658903 0.928920 1.133662 0.724176 0.397260 0.643383 0.151135 -2.896827 -3.450541 -2.343115 -0.641531 -1.553994 0.270931 -0.173488 -0.635027 0.288051 -1.304323 -1.030057 -1.578590 0.928920 1.133662 0.724176 -0.198877 0.261149 -0.658903 0.334352 0.315037 0.353667 0.397260 0.643383 0.151135 1.643192 1.478945 1.807439 1.232514 1.814125 0.650902 1.643192 1.478945 1.807439 ??? ??? ???
242_Dot_Probe_Block1 1.599307 0.484087 2.760994 2.033617 2.751164 1.287369 9.389606 9.402088 9.376595 10.253355 11.254478 9.212179 1.181041 2.005062 0.322687 0.635160 0.133698 1.156682 -2.728229 -3.305047 -2.127378 -0.210836 -1.473592 1.102432 9.389606 9.402088 9.376595 2.033617 2.751164 1.287369 1.599307 0.484087 2.760994 10.253355 11.254478 9.212179 4.613284 3.631974 5.635485 5.182594 5.953873 4.380465 4.613284 3.631974 5.635485 ??? ??? ???
243_Dot_Probe_Block1 7.360679 7.355567 7.365996 7.820683 8.116215 7.513332 8.820900 8.901266 8.737317 7.546922 8.691418 6.356647 1.139086 2.246610 -0.012735 3.565139 3.184353 3.961166 1.036774 2.049908 -0.016886 1.110067 -0.448740 2.731223 8.820900 8.901266 8.737317 7.820683 8.116215 7.513332 7.360679 7.355567 7.365996 7.546922 8.691418 6.356647 9.559600 9.561698 9.557421 9.830575 10.596006 9.034525 9.559600 9.561698 9.557421 ??? ??? ???
244_Dot_Probe_Block1 2.341944 3.421120 1.262768 2.393595 2.184972 2.613809 3.553442 4.735686 2.371198 1.993859 2.243900 1.729928 3.638876 5.039706 2.238047 3.833143 3.176058 4.526726 -3.881279 -2.872426 -4.890135 -1.882867 -1.325480 -2.471225 3.553442 4.735686 2.371198 2.393595 2.184972 2.613809 2.341944 3.421120 1.262768 1.993859 2.243900 1.729928 3.187733 3.964038 2.411427 3.911963 3.406660 4.445339 3.187733 3.964038 2.411427 ??? ??? ???
245_Dot_Probe_Block1 1.150882 1.199420 1.101032 1.332595 2.193920 0.471270 6.422275 6.388179 6.457293 7.125926 7.129913 7.121938 1.189768 1.182588 1.197141 0.315963 1.107358 -0.475433 -2.009321 -1.777201 -2.247714 -0.849112 -0.547700 -1.150523 6.422275 6.388179 6.457293 1.332595 2.193920 0.471270 1.150882 1.199420 1.101032 7.125926 7.129913 7.121938 3.103581 3.447356 2.750513 3.273627 3.926149 2.621106 3.103581 3.447356 2.750513 ??? ??? ???
247_Dot_Probe_Block1 5.766993 5.478505 6.055480 4.505460 4.569194 4.441725 7.083332 7.090079 7.076586 5.468330 5.569444 5.367218 5.704520 6.815225 4.593812 5.947275 6.874654 5.019889 0.788798 0.488696 1.088899 0.062782 1.034993 -0.909430 7.083332 7.090079 7.076586 4.505460 4.569194 4.441725 5.766993 5.478505 6.055480 5.468330 5.569444 5.367218 7.787368 8.137638 7.437098 5.720944 5.736651 5.705237 7.787368 8.137638 7.437098 ??? ??? ???
248_Dot_Probe_Block1 2.832030 2.919688 2.744374 3.330627 3.550659 3.102736 3.135063 2.046398 4.223730 2.367978 2.886158 1.831292 -2.227504 -3.084316 -1.370688 -2.678706 -4.050678 -1.257734 -0.490135 1.792347 -2.772618 0.570439 1.751650 -0.652958 3.135063 2.046398 4.223730 3.330627 3.550659 3.102736 2.832030 2.919688 2.744374 2.367978 2.886158 1.831292 6.291903 6.358107 6.225701 6.975816 7.319640 6.619715 6.291903 6.358107 6.225701 ??? ??? ???
249_Dot_Probe_Block1 1.953917 1.261033 2.687557 1.358194 1.911408 0.778635 4.736579 4.684764 4.791445 4.831597 5.599842 4.026767 -13.953261 -17.337139 -10.370351 -14.517248 -16.064106 -12.896753 0.460626 0.806670 0.094228 -0.886888 -2.392459 0.690374 4.736579 4.684764 4.791445 1.358194 1.911408 0.778635 1.953917 1.261033 2.687557 4.831597 5.599842 4.026767 1.770855 0.996010 2.591279 2.041862 3.421537 0.596492 1.770855 0.996010 2.591279 ??? ??? ???
251_Dot_Probe_Block1 2.497221 2.892104 2.092213 2.803861 2.913074 2.694650 4.617747 4.883197 4.345491 3.733816 3.996269 3.471364 0.069889 0.222049 -0.086170 -1.130996 -1.211608 -1.050394 0.702282 0.905197 0.494161 1.023490 0.868702 1.178279 4.617747 4.883197 4.345491 2.803861 2.913074 2.694650 2.497221 2.892104 2.092213 3.733816 3.996269 3.471364 3.666010 4.045273 3.277025 3.859354 4.339750 3.378958 3.666010 4.045273 3.277025 ??? ??? ???
252_Dot_Probe_Block1 -0.014881 -0.044761 0.014999 -0.327761 -0.473399 -0.177711 1.398701 1.368855 1.428547 1.509230 1.673840 1.339633 1.503361 1.177047 1.829673 0.850867 -0.241197 1.976021 0.660752 0.470767 0.850737 0.785695 1.045128 0.518400 1.398701 1.368855 1.428547 -0.327761 -0.473399 -0.177711 -0.014881 -0.044761 0.014999 1.509230 1.673840 1.339633 1.242903 1.677272 0.808535 1.139329 0.669284 1.623618 1.242903 1.677272 0.808535 ??? ??? ???
255_Dot_Probe_Block1 4.464138 4.891613 4.036663 3.624016 3.012979 4.235051 4.568696 5.291842 3.845553 4.778736 4.926947 4.630526 -0.132586 -1.203234 0.938062 0.472575 -1.396762 2.341906 -0.201682 -1.499467 1.096104 1.039997 1.297623 0.782367 4.568696 5.291842 3.845553 3.624016 3.012979 4.235051 4.464138 4.891613 4.036663 4.778736 4.926947 4.630526 6.264911 6.571740 5.958080 5.443369 5.145781 5.740956 6.264911 6.571740 5.958080 ??? ??? ???
256_Dot_Probe_Block1 6.065315 6.563976 5.553531 5.216624 5.136364 5.296881 7.494871 7.142580 7.856436 6.720757 6.633496 6.808014 0.968022 -1.086355 3.076466 2.624438 1.995808 3.253065 2.019401 2.298914 1.732532 1.047680 2.089586 0.005773 7.494871 7.142580 7.856436 5.216624 5.136364 5.296881 6.065315 6.563976 5.553531 6.720757 6.633496 6.808014 8.368474 8.399581 8.336552 7.015946 6.617283 7.414612 8.368474 8.399581 8.336552 ??? ??? ???
257_Dot_Probe_Block1 6.398243 4.899014 7.897475 0.690540 -3.700799 5.081881 12.846017 9.935744 15.756294 2.648495 4.515373 0.781616 7.729534 7.112045 8.347022 19.174318 32.519283 5.829317 -8.996768 -10.987389 -7.006142 -1.636572 -1.276250 -1.996897 12.846017 9.935744 15.756294 0.690540 -3.700799 5.081881 6.398243 4.899014 7.897475 2.648495 4.515373 0.781616 11.003860 7.050950 14.956772 3.245996 -2.503715 8.995706 11.003860 7.050950 14.956772 ??? ??? ???
263_Dot_Probe_Block1 1.414670 0.663121 2.216321 3.378352 4.235449 2.521256 1.593784 1.635138 1.549673 1.408949 1.331153 1.486744 -4.745164 -8.104014 -1.162382 -7.913577 -9.450504 -6.376654 0.252699 1.425290 -0.998063 -0.033452 -0.160891 0.093988 1.593784 1.635138 1.549673 3.378352 4.235449 2.521256 1.414670 0.663121 2.216321 1.408949 1.331153 1.486744 5.246561 3.981561 6.595892 7.560652 9.240923 5.880383 5.246561 3.981561 6.595892 ??? ??? ???
264_Dot_Probe_Block1 0.779031 0.309938 1.248123 2.247312 3.689699 0.753412 2.515877 2.539993 2.491759 2.877839 3.249270 2.493144 -4.956183 -5.081189 -4.831180 -4.505299 -4.599136 -4.408110 1.120014 0.663715 1.576313 -0.203695 0.387097 -0.815585 2.515877 2.539993 2.491759 2.247312 3.689699 0.753412 0.779031 0.309938 1.248123 2.877839 3.249270 2.493144 1.547616 1.282379 1.812853 2.771108 3.549149 1.965281 1.547616 1.282379 1.812853 ??? ??? ???
266_Dot_Probe_Block1 3.761898 4.628149 2.866774 1.979638 2.154220 1.805055 7.853383 8.532521 7.151605 6.845511 7.631184 6.059840 2.409990 1.724831 3.117986 2.252818 1.907606 2.598032 0.982276 -0.038847 2.037436 -2.445311 -2.800166 -2.090455 7.853383 8.532521 7.151605 1.979638 2.154220 1.805055 3.761898 4.628149 2.866774 6.845511 7.631184 6.059840 6.252645 7.037839 5.441278 4.224451 4.740949 3.707952 6.252645 7.037839 5.441278 ??? ??? ???
267_Dot_Probe_Block1 5.532599 5.588032 5.477167 6.215892 6.438125 5.987651 6.862511 7.297470 6.427553 6.300883 6.110639 6.496269 -4.938517 -6.174489 -3.702542 -4.457582 -4.832627 -4.072392 -0.205399 -1.248463 0.837666 0.727941 1.095333 0.350621 6.862511 7.297470 6.427553 6.215892 6.438125 5.987651 5.532599 5.588032 5.477167 6.300883 6.110639 6.496269 8.636977 10.086940 7.187018 8.524981 8.483091 8.568001 8.636977 10.086940 7.187018 ??? ??? ???
269_Dot_Probe_Block1 0.845573 0.732307 0.962171 2.261216 1.859125 2.674475 -0.214697 -0.047057 -0.387268 -0.451021 -0.043218 -0.870152 -2.048721 -3.130716 -0.934902 -1.343913 -1.762051 -0.914160 0.006831 -0.451602 0.478748 -0.131890 0.480404 -0.761193 -0.214697 -0.047057 -0.387268 2.261216 1.859125 2.674475 0.845573 0.732307 0.962171 -0.451021 -0.043218 -0.870152 3.601717 3.273635 3.939448 4.484226 3.945321 5.038100 3.601717 3.273635 3.939448 ??? ??? ???
271_Dot_Probe_Block1 6.252899 6.712807 5.775959 6.015390 6.181465 5.849310 9.278769 9.947981 8.584768 10.447247 10.919650 9.974837 4.352569 5.699807 2.955434 0.072035 1.433968 -1.289901 0.010844 0.270599 -0.258532 -1.842627 -3.185666 -0.499586 9.278769 9.947981 8.584768 6.015390 6.181465 5.849310 6.252899 6.712807 5.775959 10.447247 10.919650 9.974837 7.507965 8.309930 6.676301 7.535188 8.223803 6.846578 7.507965 8.309930 6.676301 ??? ??? ???
272_Dot_Probe_Block1 -0.040410 -0.265360 0.190308 0.891057 1.487975 0.278835 0.027883 -0.038334 0.095798 0.395848 0.225512 0.570552 -2.375012 -1.462568 -3.310833 -2.672428 -1.975994 -3.386716 0.197563 0.123058 0.273978 -0.112155 0.332810 -0.568529 0.027883 -0.038334 0.095798 0.891057 1.487975 0.278835 -0.040410 -0.265360 0.190308 0.395848 0.225512 0.570552 0.747705 0.362386 1.142904 2.659320 2.785112 2.530302 0.747705 0.362386 1.142904 ??? ??? ???
280_Dot_Probe_Block1 -1.592569 -1.010488 -2.174650 -1.796220 -1.188584 -2.422271 6.006934 6.393717 5.620151 7.383109 7.892607 6.858171 -5.731168 -5.392002 -6.070329 -2.060634 -1.653757 -2.479836 -0.906872 -1.575640 -0.238103 -0.401013 0.241403 -1.062896 6.006934 6.393717 5.620151 -1.796220 -1.188584 -2.422271 -1.592569 -1.010488 -2.174650 7.383109 7.892607 6.858171 2.499843 3.445917 1.553770 1.962760 2.995822 0.898393 2.499843 3.445917 1.553770 ??? ??? ???
281_Dot_Probe_Block1 2.770342 2.184725 3.371787 2.934960 3.552803 2.317121 2.014380 2.883298 1.121976 2.472757 3.196912 1.748602 1.667740 2.512825 0.799819 0.479303 1.518354 -0.559747 0.850146 0.280874 1.434804 -0.722952 0.247793 -1.693696 2.014380 2.883298 1.121976 2.934960 3.552803 2.317121 2.770342 2.184725 3.371787 2.472757 3.196912 1.748602 2.069863 1.462994 2.693133 2.795493 3.686644 1.904343 2.069863 1.462994 2.693133 ??? ??? ???
284_Dot_Probe_Block1 -0.387019 0.196400 -0.970438 -0.267897 -0.250714 -0.285079 0.101868 -0.367855 0.571590 0.623437 0.739109 0.507766 -5.756853 -5.097844 -6.415850 -5.718932 -6.992925 -4.444955 -0.738064 -0.916646 -0.559481 -0.853744 -1.400412 -0.307077 0.101868 -0.367855 0.571590 -0.267897 -0.250714 -0.285079 -0.387019 0.196400 -0.970438 0.623437 0.739109 0.507766 0.360448 0.851240 -0.130346 1.158114 1.300820 1.015407 0.360448 0.851240 -0.130346 ??? ??? ???
285_Dot_Probe_Block1 4.157826 4.105875 4.211261 4.485027 4.097219 4.872837 8.037840 7.984005 8.093214 8.111366 9.491513 6.731219 1.526727 1.766880 1.279699 0.852037 2.730371 -1.026295 1.505150 1.724311 1.279728 -0.633561 -2.111638 0.844516 8.037840 7.984005 8.093214 4.485027 4.097219 4.872837 4.157826 4.105875 4.211261 8.111366 9.491513 6.731219 6.857788 6.765619 6.952583 8.299526 8.627008 7.972046 6.857788 6.765619 6.952583 ??? ??? ???
290_Dot_Probe_Block1 1.435559 1.669798 1.195315 1.114216 1.413824 0.806925 3.273793 3.755061 2.780187 2.878937 3.106610 2.645429 0.652108 0.010480 1.310186 0.270628 1.266284 -0.750558 -0.417432 -0.894482 0.071851 -0.123341 -0.986305 0.761750 3.273793 3.755061 2.780187 1.114216 1.413824 0.806925 1.435559 1.669798 1.195315 2.878937 3.106610 2.645429 6.360410 6.980062 5.724867 7.121642 7.680677 6.548274 6.360410 6.980062 5.724867 ??? ??? ???
292_Dot_Probe_Block1 2.848861 2.748807 2.951773 3.116487 2.480263 3.752712 5.321918 5.037442 5.614521 4.881389 3.837785 5.924992 -3.251595 -6.701272 0.296637 -6.488603 -7.997815 -4.979369 0.472927 1.233016 -0.308877 0.232124 -0.638921 1.103168 5.321918 5.037442 5.614521 3.116487 2.480263 3.752712 2.848861 2.748807 2.951773 4.881389 3.837785 5.924992 5.454202 5.398848 5.511135 5.842585 5.579476 6.105699 5.454202 5.398848 5.511135 ??? ??? ???
293_Dot_Probe_Block1 -1.153664 -3.281406 1.210492 -2.448241 -3.250244 -1.557128 4.582772 6.325670 2.646219 4.941876 4.496226 5.437040 -1.478475 -0.867532 -2.157291 -8.273838 -8.947198 -7.525661 -3.893687 -6.153772 -1.382471 -2.655217 -2.143263 -3.224054 4.582772 6.325670 2.646219 -2.448241 -3.250244 -1.557128 -1.153664 -3.281406 1.210492 4.941876 4.496226 5.437040 3.579358 2.220112 5.089632 1.900205 0.814742 3.106276 3.579358 2.220112 5.089632 ??? ??? ???
295_Dot_Probe_Block1 4.842752 5.622978 4.062529 1.450549 1.845354 1.055741 5.956049 5.484225 6.427876 6.109965 5.982053 6.237873 -2.201051 -0.220569 -4.181515 2.739754 2.300387 3.179112 -2.037790 -2.316676 -1.758909 0.809986 1.016247 0.603722 5.956049 5.484225 6.427876 1.450549 1.845354 1.055741 4.842752 5.622978 4.062529 6.109965 5.982053 6.237873 3.664430 2.685121 4.643740 5.191639 5.071434 5.311848 3.664430 2.685121 4.643740 ??? ??? ???
296_Dot_Probe_Block1 -1.782972 -0.785393 -2.780550 -2.428567 -2.320003 -2.539990 6.984861 6.917948 7.051775 6.038202 6.179085 5.893610 0.731521 -0.335536 1.798576 -1.059205 -1.250576 -0.862799 1.354377 1.816571 0.892181 1.921463 2.479370 1.348874 6.984861 6.917948 7.051775 -2.428567 -2.320003 -2.539990 -1.782972 -0.785393 -2.780550 6.038202 6.179085 5.893610 4.194359 4.074979 4.313737 3.826292 3.616240 4.041872 4.194359 4.074979 4.313737 ??? ??? ???
297_Dot_Probe_Block1 2.565569 2.210321 2.920816 4.001344 4.212493 3.782915 4.905531 4.525576 5.285487 3.581259 3.575539 3.587178 -0.152255 -0.564663 0.260146 -3.936573 -5.933582 -1.870699 0.851697 1.786495 -0.083099 -0.427958 -0.492985 -0.360692 4.905531 4.525576 5.285487 4.001344 4.212493 3.782915 2.565569 2.210321 2.920816 3.581259 3.575539 3.587178 5.731450 5.539166 5.923730 7.407875 7.645253 7.162313 5.731450 5.539166 5.923730 ??? ??? ???
298_Dot_Probe_Block1 4.274367 4.742838 3.805897 3.244188 3.375943 3.112433 -0.141947 -0.595384 0.311491 -1.107913 -1.098485 -1.117342 -1.648985 -1.896899 -1.401069 -4.078444 -4.741865 -3.415013 -1.459667 -1.631377 -1.287957 -1.117217 -1.204330 -1.030104 -0.141947 -0.595384 0.311491 3.244188 3.375943 3.112433 4.274367 4.742838 3.805897 -1.107913 -1.098485 -1.117342 5.797871 6.398702 5.197035 4.825792 5.270882 4.380706 5.797871 6.398702 5.197035 ??? ??? ???
304_Dot_Probe_Block1 -0.225806 0.308973 -0.760583 0.534047 1.179470 -0.134426 1.947819 1.764384 2.131256 2.261461 1.785873 2.754032 -16.319969 -15.607092 -17.032835 -16.512627 -16.262836 -16.771358 -1.847614 -2.483687 -1.211541 -0.979298 0.780536 -2.801982 1.947819 1.764384 2.131256 0.534047 1.179470 -0.134426 -0.225806 0.308973 -0.760583 2.261461 1.785873 2.754032 0.691289 0.393071 0.989506 1.345980 1.525299 1.160255 0.691289 0.393071 0.989506 ??? ??? ???
305_Dot_Probe_Block1 2.414319 2.092176 2.746528 1.998127 1.993798 2.002457 4.903354 4.131046 5.699797 2.407762 2.561000 2.254522 1.760254 1.264171 2.271840 1.879074 1.912724 1.845423 -1.502918 -1.260649 -1.752757 -0.576385 -0.580864 -0.571905 4.903354 4.131046 5.699797 1.998127 1.993798 2.002457 2.414319 2.092176 2.746528 2.407762 2.561000 2.254522 5.280238 4.736583 5.840878 4.378916 4.387844 4.369987 5.280238 4.736583 5.840878 ??? ??? ???
310_Dot_Probe_Task_Block1 2.518401 3.938547 1.052444 1.098760 1.362594 0.826932 -0.084294 0.273486 -0.453616 -0.063296 0.162174 -0.295599 -2.090792 -1.103838 -3.109581 -4.703698 -5.723908 -3.652572 1.086722 1.756776 0.395055 0.295722 -0.017926 0.618873 -0.084294 0.273486 -0.453616 1.098760 1.362594 0.826932 2.518401 3.938547 1.052444 -0.063296 0.162174 -0.295599 4.273536 5.477459 3.030778 3.101396 3.316655 2.879615 4.273536 5.477459 3.030778 ??? ??? ???
67_Dot_Probe_Block1 -0.908498 -1.617776 -0.199218 -1.485878 -3.826709 2.025367 1.398012 -2.208032 5.004058 1.400083 0.775735 2.336605 -10.875527 -15.019836 -6.731248 4.354261 1.718894 8.307354 -3.864329 -10.969838 3.241201 -3.183804 -2.232167 -4.611271 1.398012 -2.208032 5.004058 -1.485878 -3.826709 2.025367 -0.908498 -1.617776 -0.199218 1.400083 0.775735 2.336605 -0.648870 -1.422408 0.124668 -0.707664 -2.355924 1.764730 -0.648870 -1.422408 0.124668 ??? ??? ???
70_Dot_Probe_Block1 1.130535 1.315402 0.945668 0.117511 0.411023 -0.184153 10.993609 10.653649 11.333569 10.123516 10.295040 9.947231 5.887086 6.624619 5.149531 6.460625 7.905738 4.975362 0.490048 1.066205 -0.086107 0.535035 -0.081188 1.168372 10.993609 10.653649 11.333569 0.117511 0.411023 -0.184153 1.130535 1.315402 0.945668 10.123516 10.295040 9.947231 3.340403 3.377102 3.303703 2.001821 2.694537 1.289864 3.340403 3.377102 3.303703 ??? ??? ???
71_Dot_Probe_Block1 3.117986 2.832978 3.412494 2.429462 3.316283 1.542641 4.379691 5.540694 3.179988 4.011537 4.761053 3.262018 -2.319858 -2.566355 -2.065174 -0.585036 0.596964 -1.767030 -1.004349 -2.300819 0.335335 -1.369249 -1.793401 -0.945097 4.379691 5.540694 3.179988 2.429462 3.316283 1.542641 3.117986 2.832978 3.412494 4.011537 4.761053 3.262018 5.752314 6.334620 5.150598 5.179820 6.374998 3.984639 5.752314 6.334620 5.150598 ??? ??? ???
73_Dot_Probe_Block1 1.393550 2.389584 0.364315 1.737156 2.671986 0.767699 1.819944 1.566715 2.081615 2.976893 2.115111 3.870597 1.634657 0.014915 3.308394 1.172937 0.004025 2.385139 0.592801 0.630722 0.553615 1.373467 0.619056 2.155820 1.819944 1.566715 2.081615 1.737156 2.671986 0.767699 1.393550 2.389584 0.364315 2.976893 2.115111 3.870597 3.954552 4.794312 3.086804 4.262679 4.591743 3.921427 3.954552 4.794312 3.086804 ??? ??? ???
