Vp P7-Indiv_Ch_P78_NA P7-Indiv_Ch_P78_NA_Odd P7-Indiv_Ch_P78_NA_Even P7-Indiv_Ch_P78_AN P7-Indiv_Ch_P78_AN_Odd P7-Indiv_Ch_P78_AN_Even P8-Indiv_Ch_P78_NA P8-Indiv_Ch_P78_NA_Odd P8-Indiv_Ch_P78_NA_Even P8-Indiv_Ch_P78_AN P8-Indiv_Ch_P78_AN_Odd P8-Indiv_Ch_P78_AN_Even VEOG-Indiv_Ch_P78_NA VEOG-Indiv_Ch_P78_NA_Odd VEOG-Indiv_Ch_P78_NA_Even VEOG-Indiv_Ch_P78_AN VEOG-Indiv_Ch_P78_AN_Odd VEOG-Indiv_Ch_P78_AN_Even HEOG-Indiv_Ch_P78_NA HEOG-Indiv_Ch_P78_NA_Odd HEOG-Indiv_Ch_P78_NA_Even HEOG-Indiv_Ch_P78_AN HEOG-Indiv_Ch_P78_AN_Odd HEOG-Indiv_Ch_P78_AN_Even Ipsi_P78-Indiv_Ch_P78_NA Ipsi_P78-Indiv_Ch_P78_NA_Odd Ipsi_P78-Indiv_Ch_P78_NA_Even Ipsi_P78-Indiv_Ch_P78_AN Ipsi_P78-Indiv_Ch_P78_AN_Odd Ipsi_P78-Indiv_Ch_P78_AN_Even Contra_P78-Indiv_Ch_P78_NA Contra_P78-Indiv_Ch_P78_NA_Odd Contra_P78-Indiv_Ch_P78_NA_Even Contra_P78-Indiv_Ch_P78_AN Contra_P78-Indiv_Ch_P78_AN_Odd Contra_P78-Indiv_Ch_P78_AN_Even PO7-Indiv_Ch_P78_NA PO7-Indiv_Ch_P78_NA_Odd PO7-Indiv_Ch_P78_NA_Even PO7-Indiv_Ch_P78_AN PO7-Indiv_Ch_P78_AN_Odd PO7-Indiv_Ch_P78_AN_Even Contra_PO-Indiv_Ch_P78_NA Contra_PO-Indiv_Ch_P78_NA_Odd Contra_PO-Indiv_Ch_P78_NA_Even Contra_PO-Indiv_Ch_P78_AN Contra_PO-Indiv_Ch_P78_AN_Odd Contra_PO-Indiv_Ch_P78_AN_Even
102_Dot_Probe_Block1 -2.359042 -3.224361 -1.493724 -2.656354 -1.819468 -3.493239 -2.925262 -3.268401 -2.582122 -3.709766 -3.903768 -3.515767 1.236373 1.729985 0.742767 2.864357 3.488863 2.239852 -0.290750 0.284262 -0.865762 -0.258475 0.945300 -1.462252 -2.925262 -3.268401 -2.582122 -2.656354 -1.819468 -3.493239 -2.359042 -3.224361 -1.493724 -3.709766 -3.903768 -3.515767 -1.153810 -1.969334 -0.338285 -1.638421 -0.836599 -2.440243 -1.153810 -1.969334 -0.338285 ??? ??? ???
103_Dot_Probe_Block1 -2.360225 -1.942940 -2.777513 -0.718461 -1.047806 -0.389117 0.169776 1.316047 -0.976495 0.185097 0.270886 0.099307 -7.467840 -6.429798 -8.505885 -4.530331 -6.350704 -2.709972 -0.572381 -1.041135 -0.103629 2.987523 3.501992 2.473056 0.169776 1.316047 -0.976495 -0.718461 -1.047806 -0.389117 -2.360225 -1.942940 -2.777513 0.185097 0.270886 0.099307 -1.660455 -0.934645 -2.386267 -0.667917 -0.593018 -0.742816 -1.660455 -0.934645 -2.386267 ??? ??? ???
105_Dot_Probe_Block1 -1.844855 -2.228899 -1.460812 -1.236281 -1.580646 -0.891913 -2.451906 -2.649990 -2.253820 -2.825213 -2.680037 -2.970391 -5.005911 -4.583933 -5.427934 -4.089405 -2.970740 -5.208072 0.133115 0.024122 0.242107 -0.393871 0.186714 -0.974457 -2.451906 -2.649990 -2.253820 -1.236281 -1.580646 -0.891913 -1.844855 -2.228899 -1.460812 -2.825213 -2.680037 -2.970391 -1.567404 -1.842385 -1.292422 -1.106615 -0.760389 -1.452842 -1.567404 -1.842385 -1.292422 ??? ??? ???
106_Dot_Probe_Block1 -2.909536 -1.327722 -4.539287 -1.284268 -2.375214 -0.163018 2.019940 2.075902 1.962283 0.123949 -1.072720 1.353858 0.376836 1.303898 -0.578316 0.005473 -1.177392 1.221193 -1.246468 -1.249628 -1.243213 -0.182889 -0.333128 -0.028478 2.019940 2.075902 1.962283 -1.284268 -2.375214 -0.163018 -2.909536 -1.327722 -4.539287 0.123949 -1.072720 1.353858 -0.042763 1.035662 -1.153867 1.680979 0.976496 2.405031 -0.042763 1.035662 -1.153867 ??? ??? ???
107_Dot_Probe_Block1 0.265242 0.980276 -0.464093 1.203409 1.194085 1.212735 1.460455 1.769275 1.145458 1.011461 0.994785 1.028137 0.324560 2.054396 -1.439867 -1.670347 -1.901955 -1.438747 0.821651 1.790697 -0.166778 0.790998 0.805101 0.776898 1.460455 1.769275 1.145458 1.203409 1.194085 1.212735 0.265242 0.980276 -0.464093 1.011461 0.994785 1.028137 -0.761947 0.148016 -1.690108 0.029927 0.016784 0.043071 -0.761947 0.148016 -1.690108 ??? ??? ???
108_Dot_Probe_Block1 -3.618254 -4.109860 -3.126648 -2.943015 -3.355084 -2.530947 -2.139301 -2.060048 -2.218555 -2.058309 -2.486715 -1.629903 -1.170875 -1.001857 -1.339891 -0.193893 -0.927760 0.539972 -0.096328 -0.350501 0.157844 -0.093905 -0.094718 -0.093092 -2.139301 -2.060048 -2.218555 -2.943015 -3.355084 -2.530947 -3.618254 -4.109860 -3.126648 -2.058309 -2.486715 -1.629903 -4.895628 -5.303030 -4.488229 -4.276450 -4.758048 -3.794850 -4.895628 -5.303030 -4.488229 ??? ??? ???
109_Dot_Probe_Block1 -3.635519 -3.716201 -3.554838 -3.867259 -3.567408 -4.167109 0.330532 1.086486 -0.425423 -0.407805 -0.564063 -0.251547 -7.717988 -8.468216 -6.967776 -10.085761 -8.574237 -11.597305 -1.856333 -2.260298 -1.452366 -1.295404 -0.094914 -2.495894 0.330532 1.086486 -0.425423 -3.867259 -3.567408 -4.167109 -3.635519 -3.716201 -3.554838 -0.407805 -0.564063 -0.251547 -3.064519 -3.306943 -2.822094 -3.046486 -3.214238 -2.878736 -3.064519 -3.306943 -2.822094 ??? ??? ???
110_Dot_Probe_Block1 -0.607648 0.295039 -1.549581 -0.380207 -2.156842 1.396426 0.095859 -1.451920 1.710933 -2.241386 -1.557699 -2.925075 -2.096986 -4.257896 0.157878 -1.213052 -0.020276 -2.405825 -0.459766 0.250858 -1.201291 0.472909 -1.740143 2.685963 0.095859 -1.451920 1.710933 -0.380207 -2.156842 1.396426 -0.607648 0.295039 -1.549581 -2.241386 -1.557699 -2.925075 -0.772351 0.941027 -2.560221 0.293780 -0.541516 1.129076 -0.772351 0.941027 -2.560221 ??? ??? ???
111_Dot_Probe_Block1 -2.558414 -2.042605 -3.203174 0.582783 -0.377627 1.543193 -0.075068 0.552680 -0.859753 0.326439 0.962775 -0.309897 1.844531 3.013234 0.383663 -1.856421 1.090962 -4.803805 -0.069182 2.213748 -2.922846 -2.455345 -5.834996 0.924319 -0.075068 0.552680 -0.859753 0.582783 -0.377627 1.543193 -2.558414 -2.042605 -3.203174 0.326439 0.962775 -0.309897 -4.590524 -4.640251 -4.528368 -0.573773 -2.784846 1.637298 -4.590524 -4.640251 -4.528368 ??? ??? ???
112_Dot_Probe_Block1 -5.941369 -6.238201 -5.644538 -5.756320 -4.930385 -6.582257 -1.162541 -0.453481 -1.871599 -1.567827 -1.035438 -2.100217 -2.490702 -3.485309 -1.496098 -2.459634 -1.719069 -3.200203 -1.591186 -2.483267 -0.699107 -1.258216 -1.524423 -0.992009 -1.162541 -0.453481 -1.871599 -5.756320 -4.930385 -6.582257 -5.941369 -6.238201 -5.644538 -1.567827 -1.035438 -2.100217 -8.829351 -9.365123 -8.293579 -8.272416 -7.773233 -8.771599 -8.829351 -9.365123 -8.293579 ??? ??? ???
113_Dot_Probe_Block1 -0.861133 -0.100260 -1.622008 -0.548574 -0.168224 -0.928924 -10.074430 -10.160601 -9.988259 -10.946444 -10.548258 -11.344623 -1.516403 -2.231132 -0.801679 -3.772021 -3.898598 -3.645443 0.319718 2.014059 -1.374622 0.874259 -0.462862 2.211380 -10.074430 -10.160601 -9.988259 -0.548574 -0.168224 -0.928924 -0.861133 -0.100260 -1.622008 -10.946444 -10.548258 -11.344623 -1.513552 -1.272068 -1.755034 -1.215905 -0.689942 -1.741868 -1.513552 -1.272068 -1.755034 ??? ??? ???
114_Dot_Probe_Block1 0.612700 -0.097614 1.341227 0.716120 0.721734 0.710505 -1.591743 -1.797397 -1.380818 -2.415007 -2.497377 -2.332637 2.409178 2.020057 2.808278 1.742783 2.279992 1.205575 -0.572535 -0.496800 -0.650213 0.295417 0.085430 0.505405 -1.591743 -1.797397 -1.380818 0.716120 0.721734 0.710505 0.612700 -0.097614 1.341227 -2.415007 -2.497377 -2.332637 1.665265 0.761667 2.592032 1.590001 1.798677 1.381325 1.665265 0.761667 2.592032 ??? ??? ???
116_Dot_Probe_Block1 -0.523214 -0.215081 -0.840410 -0.210976 -0.818206 0.396253 -2.431306 -2.088376 -2.784324 -3.883557 -4.819591 -2.947522 -0.742796 -1.967923 0.518377 -0.330878 0.490085 -1.151834 0.680398 -0.132252 1.516947 1.229009 1.685683 0.772336 -2.431306 -2.088376 -2.784324 -0.210976 -0.818206 0.396253 -0.523214 -0.215081 -0.840410 -3.883557 -4.819591 -2.947522 -1.836347 -0.967751 -2.730490 -1.564108 -2.117348 -1.010867 -1.836347 -0.967751 -2.730490 ??? ??? ???
119_Dot_Probe_Block1 -0.800174 -1.387625 -0.212723 -1.664809 -2.925086 -0.404529 -2.425191 -1.971887 -2.878494 -2.673429 -3.072923 -2.273933 -6.329274 -7.885665 -4.772886 -11.156982 -12.968815 -9.345149 -1.436219 -1.704117 -1.168318 -1.215561 -1.323521 -1.107599 -2.425191 -1.971887 -2.878494 -1.664809 -2.925086 -0.404529 -0.800174 -1.387625 -0.212723 -2.673429 -3.072923 -2.273933 -1.691143 -2.554050 -0.828235 -1.819369 -2.982069 -0.656670 -1.691143 -2.554050 -0.828235 ??? ??? ???
121_Dot_Probe_Block1 -2.590018 -3.388865 -1.791170 -1.377354 -1.663866 -1.083099 -2.725781 -2.641007 -2.810558 -3.289515 -3.463576 -3.110749 -0.307874 0.283198 -0.898950 -0.503782 -1.315331 0.329704 -0.336499 -0.746138 0.073140 -0.296801 0.527854 -1.143744 -2.725781 -2.641007 -2.810558 -1.377354 -1.663866 -1.083099 -2.590018 -3.388865 -1.791170 -3.289515 -3.463576 -3.110749 -4.561970 -5.488913 -3.635022 -2.941055 -3.445811 -2.422658 -4.561970 -5.488913 -3.635022 ??? ??? ???
123_Dot_Probe_Block1 -1.154246 -1.392008 -0.916485 0.319543 0.161236 0.482017 0.437571 0.915373 -0.040231 0.363729 0.049561 0.686164 3.177662 2.616640 3.738684 1.071172 -0.120400 2.294101 -0.770626 -1.760097 0.218845 -0.288210 -0.445466 -0.126814 0.437571 0.915373 -0.040231 0.319543 0.161236 0.482017 -1.154246 -1.392008 -0.916485 0.363729 0.049561 0.686164 -0.832183 -1.283555 -0.380813 0.192942 -0.039526 0.431527 -0.832183 -1.283555 -0.380813 ??? ??? ???
124_Dot_Probe_Block1 -5.091474 -5.341593 -4.757979 -3.383549 -6.718792 1.063441 -6.348940 -5.393532 -7.622814 -0.669797 -0.327518 -1.126166 -0.090322 -0.073087 -0.113301 0.031478 0.159581 -0.139327 0.659456 3.219890 -2.754454 1.685555 1.112205 2.450023 -6.348940 -5.393532 -7.622814 -3.383549 -6.718792 1.063441 -5.091474 -5.341593 -4.757979 -0.669797 -0.327518 -1.126166 -5.137256 -5.370107 -4.826786 -2.657144 -5.739731 1.452972 -5.137256 -5.370107 -4.826786 ??? ??? ???
125_Dot_Probe_Block1 -4.114209 -3.815702 -4.412715 -4.691806 -4.382393 -5.001217 0.710558 1.198930 0.222185 0.251303 0.775424 -0.272819 -4.628605 -3.512749 -5.744470 -3.355329 -2.454239 -4.256429 -0.588678 0.491644 -1.668999 0.493359 0.807366 0.179352 0.710558 1.198930 0.222185 -4.691806 -4.382393 -5.001217 -4.114209 -3.815702 -4.412715 0.251303 0.775424 -0.272819 -3.433469 -3.010564 -3.856373 -3.936244 -3.846513 -4.025978 -3.433469 -3.010564 -3.856373 ??? ??? ???
126_Dot_Probe_Block1 -10.694160 -10.694160 0.000000 -3.644952 -6.728150 -0.561756 -0.604918 -0.604918 0.000000 -5.678936 -4.863886 -6.493986 -2.742840 -2.742840 0.000000 -4.704872 -10.291959 0.882233 -1.281985 -1.281985 0.000000 0.696643 -2.847054 4.240345 -0.604918 -0.604918 0.000000 -3.644952 -6.728150 -0.561756 -10.694160 -10.694160 0.000000 -5.678936 -4.863886 -6.493986 -10.530820 -10.530820 0.000000 -3.124157 -5.781543 -0.466778 -10.530820 -10.530820 0.000000 ??? ??? ???
127_Dot_Probe_Block1 -0.561849 -0.829661 -0.294037 1.665990 1.427046 1.904934 -0.458458 -0.896409 -0.020506 -0.881461 -0.436337 -1.326585 -3.232223 -3.278729 -3.185699 1.519255 -2.027299 5.065816 0.736214 1.799642 -0.327214 1.368802 3.921832 -1.184228 -0.458458 -0.896409 -0.020506 1.665990 1.427046 1.904934 -0.561849 -0.829661 -0.294037 -0.881461 -0.436337 -1.326585 0.760535 0.587500 0.933570 2.356865 2.485517 2.228214 0.760535 0.587500 0.933570 ??? ??? ???
128_Dot_Probe_Block1 -2.432298 0.562000 -5.426597 -0.186155 -4.333624 3.961316 1.897829 1.438380 2.357278 -0.450339 -0.306094 -0.594584 -7.844381 -7.444161 -8.244596 -9.505537 -9.597902 -9.413151 -0.335748 -1.387470 0.715974 0.468766 -3.187170 4.124702 1.897829 1.438380 2.357278 -0.186155 -4.333624 3.961316 -2.432298 0.562000 -5.426597 -0.450339 -0.306094 -0.594584 1.861001 3.697991 0.024013 4.315109 -1.153041 9.783260 1.861001 3.697991 0.024013 ??? ??? ???
129_Dot_Probe_Block1 4.072015 4.795043 3.348985 4.132397 4.988589 3.222692 0.643874 0.371516 0.916231 4.079291 5.008535 3.091969 -5.850735 -3.611415 -8.090085 -5.178313 -2.333447 -8.200998 0.222649 0.889121 -0.443823 -0.003246 1.243509 -1.327924 0.643874 0.371516 0.916231 4.132397 4.988589 3.222692 4.072015 4.795043 3.348985 4.079291 5.008535 3.091969 4.799138 4.201081 5.397193 3.186667 4.708642 1.569566 4.799138 4.201081 5.397193 ??? ??? ???
130_Dot_Probe_Block1 0.734073 0.994067 0.474079 -0.140606 -0.633027 0.351814 -0.793512 -0.822746 -0.764280 -1.221897 -1.723865 -0.719931 -1.620818 -2.230752 -1.010879 -1.954479 -1.159657 -2.749300 0.289371 -0.536470 1.115211 0.792633 0.348182 1.237085 -0.793512 -0.822746 -0.764280 -0.140606 -0.633027 0.351814 0.734073 0.994067 0.474079 -1.221897 -1.723865 -0.719931 0.713408 0.843709 0.583107 -0.126063 -1.165644 0.913518 0.713408 0.843709 0.583107 ??? ??? ???
133_Dot_Probe_Block1 -3.844919 -4.120065 -3.562339 -4.037786 -3.822831 -4.258881 -2.502271 -2.032008 -2.985244 -1.341061 -1.361962 -1.319561 -2.673059 -2.110697 -3.250622 -1.693183 -2.963795 -0.386273 -0.477579 -1.361293 0.430020 0.160393 0.869776 -0.569258 -2.502271 -2.032008 -2.985244 -4.037786 -3.822831 -4.258881 -3.844919 -4.120065 -3.562339 -1.341061 -1.361962 -1.319561 -2.937524 -3.174539 -2.694108 -2.913663 -2.395094 -3.447049 -2.937524 -3.174539 -2.694108 ??? ??? ???
134_Dot_Probe_Block1 -2.028487 -2.878553 -1.178422 -0.744468 -0.610624 -0.884130 -2.171468 -2.448526 -1.894412 -2.056077 -1.716406 -2.410517 -7.438642 -7.357128 -7.520154 -5.708257 -5.704115 -5.712579 -0.631745 -1.209781 -0.053710 -0.873665 -0.457764 -1.307649 -2.171468 -2.448526 -1.894412 -0.744468 -0.610624 -0.884130 -2.028487 -2.878553 -1.178422 -2.056077 -1.716406 -2.410517 -1.173776 -2.508266 0.160712 0.113776 -0.223615 0.465837 -1.173776 -2.508266 0.160712 ??? ??? ???
135_Dot_Probe_Block1 -0.483397 -2.109769 1.238644 -0.365749 -0.283621 -0.452707 1.422834 1.661013 1.170645 0.018076 0.677138 -0.679753 -2.783470 -2.383985 -3.206442 -4.504420 -2.742256 -6.370253 -1.828568 -1.435327 -2.244941 1.644242 1.067330 2.255088 1.422834 1.661013 1.170645 -0.365749 -0.283621 -0.452707 -0.483397 -2.109769 1.238644 0.018076 0.677138 -0.679753 4.449348 2.583861 6.424572 4.647212 5.168397 4.095368 4.449348 2.583861 6.424572 ??? ??? ???
136_Dot_Probe_Block1 1.762996 1.768322 1.757669 2.001034 1.093826 2.937509 1.159315 0.316673 2.001957 -1.145700 -2.292529 0.038124 -3.532033 -2.463572 -4.600490 -2.993766 -3.331853 -2.644774 -0.760747 -1.542539 0.021050 1.009418 0.342594 1.697753 1.159315 0.316673 2.001957 2.001034 1.093826 2.937509 1.762996 1.768322 1.757669 -1.145700 -2.292529 0.038124 4.874840 4.714306 5.035375 4.248208 2.584291 5.965799 4.874840 4.714306 5.035375 ??? ??? ???
137_Dot_Probe_Block1 0.100098 0.427744 -0.239249 0.535824 0.785522 0.286127 -0.613597 -1.029411 -0.182932 -1.157195 -1.192118 -1.122273 1.326792 0.801684 1.870655 -0.001577 0.858861 -0.862006 0.839303 1.171729 0.495007 0.724234 1.745129 -0.296663 -0.613597 -1.029411 -0.182932 0.535824 0.785522 0.286127 0.100098 0.427744 -0.239249 -1.157195 -1.192118 -1.122273 1.186473 1.098573 1.277512 1.177827 1.150580 1.205075 1.186473 1.098573 1.277512 ??? ??? ???
138_Dot_Probe_Block1 -1.371779 -2.446045 -0.297513 -3.882647 -2.625867 -5.236103 -5.781421 -5.244472 -6.318369 -4.696396 -5.500834 -3.830078 -3.356312 4.062937 -10.775578 -6.567392 -5.560970 -7.651213 -0.376366 -0.633830 -0.118904 0.185369 -0.274107 0.680182 -5.781421 -5.244472 -6.318369 -3.882647 -2.625867 -5.236103 -1.371779 -2.446045 -0.297513 -4.696396 -5.500834 -3.830078 -0.209433 -1.700526 1.281659 -2.283092 -1.823504 -2.778036 -0.209433 -1.700526 1.281659 ??? ??? ???
139_Dot_Probe_Block1 -3.328902 -2.402829 -4.339167 -0.394092 -1.037091 0.248906 1.152774 2.642476 -0.472355 0.487739 1.493510 -0.518032 -0.176362 -1.289676 1.038163 2.307600 2.921450 1.693749 1.468670 1.417266 1.524748 0.638206 -0.023600 1.300013 1.152774 2.642476 -0.472355 -0.394092 -1.037091 0.248906 -3.328902 -2.402829 -4.339167 0.487739 1.493510 -0.518032 -1.490730 -2.781321 -0.082815 -1.038421 -2.082406 0.005565 -1.490730 -2.781321 -0.082815 ??? ??? ???
140_Dot_Probe_Block1 2.393359 2.462855 2.323863 2.214632 1.739585 2.689679 2.606493 2.585861 2.627125 2.745773 2.268538 3.223007 0.130466 -0.967122 1.228059 -0.136606 -1.355782 1.082579 -0.867249 0.865542 -2.600036 -1.676796 -2.027941 -1.325660 2.606493 2.585861 2.627125 2.214632 1.739585 2.689679 2.393359 2.462855 2.323863 2.745773 2.268538 3.223007 1.932151 1.760339 2.103962 1.736161 1.085139 2.387183 1.932151 1.760339 2.103962 ??? ??? ???
141_Dot_Probe_Block1 -2.854392 -3.469392 -2.219551 -2.034346 -1.569995 -2.514710 3.569675 2.924915 4.235234 2.246983 3.362126 1.093387 -6.766229 -6.106394 -7.447336 -6.112931 -6.003187 -6.226441 -0.532810 -0.294164 -0.779155 -0.394514 0.486160 -1.305558 3.569675 2.924915 4.235234 -2.034346 -1.569995 -2.514710 -2.854392 -3.469392 -2.219551 2.246983 3.362126 1.093387 -3.813720 -4.819162 -2.775846 -2.313998 -2.127742 -2.506677 -3.813720 -4.819162 -2.775846 ??? ??? ???
142_Dot_Probe_Block1 0.778046 0.586058 0.977714 0.544110 0.918791 0.169429 -0.294830 -0.683361 0.109243 -2.390605 -3.036697 -1.744514 2.090402 1.433759 2.773309 -1.060695 -1.188596 -0.932795 0.242183 0.501037 -0.027026 -0.228519 -1.540260 1.083220 -0.294830 -0.683361 0.109243 0.544110 0.918791 0.169429 0.778046 0.586058 0.977714 -2.390605 -3.036697 -1.744514 0.178565 -0.246728 0.620869 -0.448598 -0.052553 -0.844643 0.178565 -0.246728 0.620869 ??? ??? ???
143_Dot_Probe_Block1 -1.931329 -1.342507 -2.546916 -1.518802 -1.067010 -1.970595 -2.505243 -0.592695 -4.504725 -2.639312 -3.013075 -2.265550 0.546553 0.643948 0.444721 0.213875 -0.152123 0.579866 0.325467 0.933867 -0.310587 -1.194783 -0.869324 -1.520243 -2.505243 -0.592695 -4.504725 -1.518802 -1.067010 -1.970595 -1.931329 -1.342507 -2.546916 -2.639312 -3.013075 -2.265550 -1.812381 -0.658485 -3.018728 -1.483621 -1.773847 -1.193395 -1.812381 -0.658485 -3.018728 ??? ??? ???
144_Dot_Probe_Block1 0.105692 0.232977 -0.027655 1.055487 0.045438 2.065535 -1.844526 -1.653015 -2.045154 -2.912418 -3.498468 -2.326369 -1.239097 -2.877277 0.477095 -2.759794 -4.349864 -1.169716 -2.371669 -1.992308 -2.769095 -0.038396 -0.638554 0.561764 -1.844526 -1.653015 -2.045154 1.055487 0.045438 2.065535 0.105692 0.232977 -0.027655 -2.912418 -3.498468 -2.326369 2.586215 2.689933 2.477556 2.845338 2.684305 3.006371 2.586215 2.689933 2.477556 ??? ??? ???
145_Dot_Probe_Block1 0.195147 0.306311 0.083983 0.503540 0.187603 0.819478 -1.062419 -1.179077 -0.945759 -1.446080 -1.369343 -1.522818 -0.771355 -0.541160 -1.001551 -1.944679 -2.035587 -1.853773 0.701632 0.779987 0.623277 0.774256 1.211290 0.337223 -1.062419 -1.179077 -0.945759 0.503540 0.187603 0.819478 0.195147 0.306311 0.083983 -1.446080 -1.369343 -1.522818 -0.414333 -0.588816 -0.239849 -0.498096 -0.462507 -0.533685 -0.414333 -0.588816 -0.239849 ??? ??? ???
150_Dot_Probe_Block1 -2.481506 -2.099798 -2.874780 -1.946293 -2.822207 -1.046049 -0.412786 -0.869754 0.058029 -1.022197 -1.296660 -0.740112 -2.368957 -2.694181 -2.033872 1.363518 1.477220 1.246664 -1.310863 -1.692102 -0.918069 -1.095533 -1.249281 -0.937516 -0.412786 -0.869754 0.058029 -1.946293 -2.822207 -1.046049 -2.481506 -2.099798 -2.874780 -1.022197 -1.296660 -0.740112 -4.589931 -4.569756 -4.610717 -4.178882 -5.145288 -3.185633 -4.589931 -4.569756 -4.610717 ??? ??? ???
152_Dot_Probe_Block1 -0.452921 -0.646375 -0.253941 0.218411 -0.823065 1.259886 1.110415 1.177750 1.041156 0.866244 0.903715 0.828773 1.054956 -0.676271 2.835643 1.436641 0.551576 2.321706 -0.615129 -0.098843 -1.146166 0.023444 1.126577 -1.079688 1.110415 1.177750 1.041156 0.218411 -0.823065 1.259886 -0.452921 -0.646375 -0.253941 0.866244 0.903715 0.828773 -0.050697 -0.599361 0.513642 0.864763 -0.102079 1.831604 -0.050697 -0.599361 0.513642 ??? ??? ???
153_Dot_Probe_Block1_2 -0.502184 -0.502133 -0.502235 0.420160 0.420051 0.420269 -1.426385 -1.425123 -1.427647 -2.992014 -2.992855 -2.991173 -4.968884 -4.972755 -4.965020 -5.379565 -5.381338 -5.377792 -0.544242 -0.547405 -0.541071 1.734856 1.737564 1.732147 -1.426385 -1.425123 -1.427647 0.420160 0.420051 0.420269 -0.502184 -0.502133 -0.502235 -2.992014 -2.992855 -2.991173 -0.368337 -0.368664 -0.368014 -0.247839 -0.248136 -0.247544 -0.368337 -0.368664 -0.368014 ??? ??? ???
155_Dot_Probe_Block1 -6.657638 -4.811118 -8.504161 -6.311651 -6.877856 -5.724475 -7.013269 -6.554808 -7.471731 -10.426846 -9.224241 -11.673991 -3.269008 -2.345211 -4.192802 -0.162082 2.092875 -2.500555 0.851728 1.588497 0.114960 2.145656 1.407872 2.910765 -7.013269 -6.554808 -7.471731 -6.311651 -6.877856 -5.724475 -6.657638 -4.811118 -8.504161 -10.426846 -9.224241 -11.673991 -6.487139 -3.969476 -9.004800 -5.978042 -6.396459 -5.544127 -6.487139 -3.969476 -9.004800 ??? ??? ???
156_Dot_Probe_Block1 0.632132 0.421017 0.853803 1.051357 0.181996 1.920717 1.111097 0.783161 1.455431 2.247231 2.004203 2.490258 0.427003 0.618946 0.225458 0.700503 0.397513 1.003493 -0.131286 0.819893 -1.130022 0.988811 2.567691 -0.590071 1.111097 0.783161 1.455431 1.051357 0.181996 1.920717 0.632132 0.421017 0.853803 2.247231 2.004203 2.490258 1.848153 1.941989 1.749625 1.995736 0.814974 3.176497 1.848153 1.941989 1.749625 ??? ??? ???
158_Dot_Probe_Block1 -1.589635 -1.655031 -1.520969 -0.384755 -0.355442 -0.415343 -5.592724 -5.481848 -5.709147 -6.132457 -5.996191 -6.274652 -3.677695 -2.232751 -5.194871 -2.333853 -1.551501 -3.150235 1.800035 2.723122 0.830795 0.306883 -1.186469 1.865164 -5.592724 -5.481848 -5.709147 -0.384755 -0.355442 -0.415343 -1.589635 -1.655031 -1.520969 -6.132457 -5.996191 -6.274652 -2.418398 -2.573270 -2.255785 -0.749128 -0.764932 -0.732639 -2.418398 -2.573270 -2.255785 ??? ??? ???
159_Dot_Probe_Block1 -1.765339 -1.578801 -2.045145 1.110116 0.625004 1.837785 -1.388607 -1.196220 -1.677194 -2.459888 -3.731758 -0.552083 1.827847 1.373641 2.509155 -1.720894 -2.599131 -0.403540 0.139008 0.075682 0.233996 0.238441 0.197237 0.300247 -1.388607 -1.196220 -1.677194 1.110116 0.625004 1.837785 -1.765339 -1.578801 -2.045145 -2.459888 -3.731758 -0.552083 -1.548820 -2.623336 0.062954 1.160126 1.001917 1.397438 -1.548820 -2.623336 0.062954 ??? ??? ???
164_REW_EEG_Task 0.347762 1.228326 -0.532801 -0.302981 -1.536495 0.970323 0.154842 0.341274 -0.031590 1.385418 1.550668 1.214836 -1.910349 -2.617440 -1.203259 -1.608536 -0.966102 -2.271688 0.083114 -0.289670 0.455899 -0.513242 -0.962747 -0.049236 0.154842 0.341274 -0.031590 -0.302981 -1.536495 0.970323 0.347762 1.228326 -0.532801 1.385418 1.550668 1.214836 2.328141 2.839450 1.816833 2.417129 1.383031 3.484587 2.328141 2.839450 1.816833 ??? ??? ???
165_Dot_Probe_Block1 -4.523015 -5.081950 -3.947143 -2.343548 -2.331227 -2.355869 0.486125 -0.156603 1.148330 0.256322 0.447639 0.065004 -1.892998 -0.674439 -3.148480 -0.131970 0.384230 -0.648169 -0.644025 -2.553537 1.323351 -0.803623 -0.031087 -1.576160 0.486125 -0.156603 1.148330 -2.343548 -2.331227 -2.355869 -4.523015 -5.081950 -3.947143 0.256322 0.447639 0.065004 -3.162798 -3.425188 -2.892457 -1.038053 -0.972021 -1.104085 -3.162798 -3.425188 -2.892457 ??? ??? ???
169_Dot_Probe_Block1 -3.693907 -4.506905 -2.880911 -3.469304 -3.520218 -3.418388 -2.734015 -2.489656 -2.978375 -3.131472 -3.927462 -2.335484 -4.921312 -2.265287 -7.577334 -6.604312 -2.525518 -10.683110 -0.677390 -0.921835 -0.432944 1.477672 1.500637 1.454709 -2.734015 -2.489656 -2.978375 -3.469304 -3.520218 -3.418388 -3.693907 -4.506905 -2.880911 -3.131472 -3.927462 -2.335484 -3.710012 -5.283134 -2.136892 -2.639347 -1.543673 -3.735023 -3.710012 -5.283134 -2.136892 ??? ??? ???
172_Dot_Probe_Block1 0.394795 1.711931 -0.971123 1.372230 1.434720 1.307242 1.066520 2.184687 -0.093061 1.054598 1.655740 0.429411 -4.145214 -3.034600 -5.296964 -4.122105 -4.037883 -4.209702 0.444634 0.625599 0.256967 -0.211620 -0.031251 -0.399203 1.066520 2.184687 -0.093061 1.372230 1.434720 1.307242 0.394795 1.711931 -0.971123 1.054598 1.655740 0.429411 0.847614 2.889343 -1.269735 1.867185 1.671630 2.070561 0.847614 2.889343 -1.269735 ??? ??? ???
174_Dot_Probe_Block1 -1.393647 -1.144788 -1.648888 -0.574844 -0.280740 -0.868949 0.005678 -0.282658 0.301407 -1.558416 -1.328389 -1.788443 0.159987 -0.232722 0.562763 -1.251183 -0.687653 -1.814713 1.408787 1.093383 1.732277 0.338882 0.759823 -0.082058 0.005678 -0.282658 0.301407 -0.574844 -0.280740 -0.868949 -1.393647 -1.144788 -1.648888 -1.558416 -1.328389 -1.788443 -8.232825 -0.343188 -16.324755 2.945591 -3.808938 9.700117 -8.232825 -0.343188 -16.324755 ??? ??? ???
198_Dot_Probe_Block1 -1.243374 -2.128496 -0.324210 -0.857136 0.456255 -2.170526 -1.814582 -1.588620 -2.049233 -1.095894 -0.084672 -2.107111 -6.699169 -8.093835 -5.250844 -4.774837 -1.801731 -7.747922 1.321774 1.840052 0.783564 0.326751 0.868387 -0.214886 -1.814582 -1.588620 -2.049233 -0.857136 0.456255 -2.170526 -1.243374 -2.128496 -0.324210 -1.095894 -0.084672 -2.107111 -1.124205 -2.350190 0.148934 0.572772 0.957774 0.187769 -1.124205 -2.350190 0.148934 ??? ??? ???
199_Dot_Probe_Block1 -2.142843 -3.130101 -1.155585 -2.600062 -3.503148 -1.696979 -3.733571 -4.564408 -2.902732 -4.362641 -4.023345 -4.701937 -4.508166 -4.240708 -4.775593 -1.939734 -1.472245 -2.407210 -0.752908 -0.780666 -0.725150 0.103664 -1.241393 1.448720 -3.733571 -4.564408 -2.902732 -2.600062 -3.503148 -1.696979 -2.142843 -3.130101 -1.155585 -4.362641 -4.023345 -4.701937 -2.372201 -3.538417 -1.205986 -2.725929 -3.815392 -1.636468 -2.372201 -3.538417 -1.205986 ??? ??? ???
213_Dot_Probe_Block1 -2.606167 -1.767593 -3.444741 -1.449575 -1.140632 -1.758517 -6.152660 -5.338805 -6.966515 -6.361995 -5.426885 -7.297102 -18.077040 -16.985975 -19.168015 -17.727345 -16.038666 -19.416082 0.863104 2.720664 -0.994453 0.582478 -0.072764 1.237722 -6.152660 -5.338805 -6.966515 -1.449575 -1.140632 -1.758517 -2.606167 -1.767593 -3.444741 -6.361995 -5.426885 -7.297102 -4.937667 -4.031591 -5.843744 -3.864937 -3.254155 -4.475723 -4.937667 -4.031591 -5.843744 ??? ??? ???
214_Dot_Probe_Block1 -0.485156 -0.744776 -0.225536 0.427778 0.189495 0.666061 -1.634738 -1.672059 -1.597416 -1.919216 -1.824592 -2.013841 -4.279897 -3.594741 -4.965048 -6.777441 -8.583034 -4.971833 1.359544 1.635090 1.083996 -0.196971 0.146196 -0.540139 -1.634738 -1.672059 -1.597416 0.427778 0.189495 0.666061 -0.485156 -0.744776 -0.225536 -1.919216 -1.824592 -2.013841 -0.397468 -0.789943 -0.004992 0.621542 0.479675 0.763407 -0.397468 -0.789943 -0.004992 ??? ??? ???
215_Dot_Probe_Block1 0.978978 0.852713 1.109188 0.752379 0.318974 1.198166 2.800340 2.461681 3.149582 2.235401 2.127943 2.345929 -0.157453 -1.777821 1.513540 0.572254 0.792594 0.345584 -0.715606 -0.242248 -1.203755 -0.500073 -0.747637 -0.245435 2.800340 2.461681 3.149582 0.752379 0.318974 1.198166 0.978978 0.852713 1.109188 2.235401 2.127943 2.345929 1.593306 1.157885 2.042335 1.226389 0.864791 1.598320 1.593306 1.157885 2.042335 ??? ??? ???
217_Dot_Probe_Block1 2.743999 3.206127 2.268280 1.547886 1.181611 1.924061 -0.255541 0.044200 -0.564098 -0.245776 -0.111090 -0.384102 2.164788 2.002366 2.331989 1.229893 0.924532 1.543505 0.353939 1.786758 -1.121024 0.866063 0.395754 1.349083 -0.255541 0.044200 -0.564098 1.547886 1.181611 1.924061 2.743999 3.206127 2.268280 -0.245776 -0.111090 -0.384102 7.166018 7.105058 7.228773 6.396914 6.713686 6.071581 7.166018 7.105058 7.228773 ??? ??? ???
218_Dot_Probe_Block1 -4.870456 -4.895960 -4.844283 -4.723197 -4.676433 -4.771225 6.563921 7.112505 6.000895 6.025949 5.952460 6.101425 0.249830 -0.134107 0.643870 -0.737750 -0.360743 -1.124950 -1.912418 -2.257612 -1.558140 -1.630386 -1.553952 -1.708887 6.563921 7.112505 6.000895 -4.723197 -4.676433 -4.771225 -4.870456 -4.895960 -4.844283 6.025949 5.952460 6.101425 -3.652927 -2.943360 -4.381170 -3.747999 -3.893680 -3.598382 -3.652927 -2.943360 -4.381170 ??? ??? ???
221_Dot_Probe_Block1 0.423940 0.845537 0.002343 0.418119 0.170484 0.672447 -4.611529 -4.666051 -4.557008 -5.370357 -4.286617 -6.483388 -1.425984 -0.860120 -1.991843 -1.458327 -0.751783 -2.183971 -0.067003 -0.052942 -0.081064 -1.759888 -2.718178 -0.775698 -4.611529 -4.666051 -4.557008 0.418119 0.170484 0.672447 0.423940 0.845537 0.002343 -5.370357 -4.286617 -6.483388 -0.473240 -0.337505 -0.608976 -0.605940 -0.530516 -0.683403 -0.473240 -0.337505 -0.608976 ??? ??? ???
222_Dot_Probe_Block1 -0.798037 -1.000023 -0.567197 1.337121 0.709627 2.027364 -1.162186 -0.538129 -1.875395 1.499054 -0.162792 3.327085 -5.371634 -2.268487 -8.918088 -7.298236 -10.194888 -4.111912 0.301663 1.029577 -0.530235 -2.674873 -2.846805 -2.485746 -1.162186 -0.538129 -1.875395 1.337121 0.709627 2.027364 -0.798037 -1.000023 -0.567197 1.499054 -0.162792 3.327085 -0.559203 -0.789542 -0.295961 1.364737 0.906092 1.869248 -0.559203 -0.789542 -0.295961 ??? ??? ???
223_Dot_Probe_Block1 -5.587211 -5.990477 -5.183944 -4.501244 -4.843461 -4.150251 -5.391482 -5.962869 -4.820095 -5.572891 -5.960748 -5.175088 -2.656041 -3.114840 -2.197249 -3.097565 -4.167446 -2.000251 -1.330794 -2.013769 -0.647817 -1.032995 -0.764360 -1.308518 -5.391482 -5.962869 -4.820095 -4.501244 -4.843461 -4.150251 -5.587211 -5.990477 -5.183944 -5.572891 -5.960748 -5.175088 -5.714158 -6.116233 -5.312082 -4.625937 -4.952894 -4.290596 -5.714158 -6.116233 -5.312082 ??? ??? ???
224_Dot_Probe_Block1 -0.265045 -1.161524 0.655663 -0.246317 0.436107 -0.947187 -1.139385 -0.259011 -2.043552 0.485067 0.395833 0.576713 0.334230 2.077118 -1.455760 0.927177 1.084197 0.765916 0.539439 0.496001 0.584051 -1.186059 -0.629562 -1.757597 -1.139385 -0.259011 -2.043552 -0.246317 0.436107 -0.947187 -0.265045 -1.161524 0.655663 0.485067 0.395833 0.576713 -0.129604 -0.247549 -0.008471 0.285978 0.683736 -0.122530 -0.129604 -0.247549 -0.008471 ??? ??? ???
225_Dot_Probe_Block1 2.278283 3.100865 1.430774 3.152193 2.327572 4.001804 1.754995 2.177305 1.319890 2.515239 2.923171 2.094947 -0.410891 1.065134 -1.931644 1.496707 1.478559 1.515408 2.541162 3.365063 1.692291 2.010702 1.599942 2.433909 1.754995 2.177305 1.319890 3.152193 2.327572 4.001804 2.278283 3.100865 1.430774 2.515239 2.923171 2.094947 3.549090 4.005035 3.079330 4.705184 4.726609 4.683108 3.549090 4.005035 3.079330 ??? ??? ???
226_Dot_Probe_Block1 -1.512863 -1.021942 -2.018660 -1.769538 -2.264707 -1.274369 -2.337793 -2.828428 -1.832286 -2.725317 -1.646812 -3.803823 -2.524223 -1.562172 -3.515424 -3.761236 -3.648896 -3.873577 -1.137479 0.097471 -2.409853 0.713425 1.452664 -0.025814 -2.337793 -2.828428 -1.832286 -1.769538 -2.264707 -1.274369 -1.512863 -1.021942 -2.018660 -2.725317 -1.646812 -3.803823 2.066061 2.953942 1.151276 1.300433 1.295460 1.305405 2.066061 2.953942 1.151276 ??? ??? ???
227_Dot_Probe_Block1 -5.557101 -5.769393 -5.344807 -4.200410 -4.377290 -4.018173 -4.161201 -3.927293 -4.395108 -4.755505 -4.621494 -4.893576 -4.346257 -4.171686 -4.520829 -3.435268 -3.635404 -3.229065 -0.851802 0.642459 -2.346063 -0.556255 0.243473 -1.380218 -4.161201 -3.927293 -4.395108 -4.200410 -4.377290 -4.018173 -5.557101 -5.769393 -5.344807 -4.755505 -4.621494 -4.893576 -8.285731 -7.617040 -8.954417 -6.531041 -6.780854 -6.273656 -8.285731 -7.617040 -8.954417 ??? ??? ???
228_Dot_Probe_Block1 1.408036 1.613788 1.202282 1.784724 1.700449 1.873012 0.824126 0.667897 0.980354 3.066667 3.848845 2.247244 -1.161040 -0.066341 -2.255739 0.746666 -1.859737 3.477181 2.351628 3.497449 1.205808 -1.682994 -2.464727 -0.864035 0.824126 0.667897 0.980354 1.784724 1.700449 1.873012 1.408036 1.613788 1.202282 3.066667 3.848845 2.247244 3.381759 3.681446 3.082072 4.404752 4.855846 3.932179 3.381759 3.681446 3.082072 ??? ??? ???
229_Dot_Probe_Block1 1.871804 1.820417 1.924510 1.334979 0.588324 2.101282 -0.303249 0.686956 -1.318844 -1.117153 -1.676404 -0.543183 0.480568 -0.144406 1.121567 -0.419158 0.798619 -1.668981 -0.410685 -0.203226 -0.623464 -1.053049 -1.668950 -0.420940 -0.303249 0.686956 -1.318844 1.334979 0.588324 2.101282 1.871804 1.820417 1.924510 -1.117153 -1.676404 -0.543183 3.323453 3.289376 3.358405 2.390208 1.906139 2.887015 3.323453 3.289376 3.358405 ??? ??? ???
230_Dot_Probe_Block1 -1.374000 -1.680033 -1.050965 -0.707801 -0.090562 -1.325038 -6.452608 -7.254192 -5.606492 -6.470508 -6.286606 -6.654408 -2.000221 -2.668849 -1.294448 -0.000672 1.626525 -1.627868 -1.038860 0.071100 -2.210483 0.359919 1.081330 -0.361491 -6.452608 -7.254192 -5.606492 -0.707801 -0.090562 -1.325038 -1.374000 -1.680033 -1.050965 -6.470508 -6.286606 -6.654408 -1.966642 -2.066690 -1.861035 -1.437416 -0.981647 -1.893185 -1.966642 -2.066690 -1.861035 ??? ??? ???
231_Dot_Probe_Block1 -1.301558 -1.495768 -1.100653 -0.837612 -0.350904 -1.324321 -1.700625 -2.031379 -1.358466 -1.154267 -1.887694 -0.420841 -5.020943 -4.180100 -5.890795 -5.388273 -6.678908 -4.097662 0.923886 -0.674222 2.577102 -0.309516 1.425946 -2.044980 -1.700625 -2.031379 -1.358466 -0.837612 -0.350904 -1.324321 -1.301558 -1.495768 -1.100653 -1.154267 -1.887694 -0.420841 -0.734078 -1.441099 -0.002674 -0.392172 1.110658 -1.895001 -0.734078 -1.441099 -0.002674 ??? ??? ???
233_Dot_Probe_Block1 -0.491553 -1.030727 0.061444 0.154172 0.511880 -0.203535 1.167508 0.503614 1.848424 0.768519 0.742438 0.794600 -2.173316 -1.809381 -2.546577 -3.208768 -1.702874 -4.714662 0.849925 1.432793 0.252112 -0.310645 0.503906 -1.125196 1.167508 0.503614 1.848424 0.154172 0.511880 -0.203535 -0.491553 -1.030727 0.061444 0.768519 0.742438 0.794600 1.196886 0.422234 1.991400 1.763422 2.092748 1.434096 1.196886 0.422234 1.991400 ??? ??? ???
234_Dot_Probe_Block1 2.466507 2.530266 2.402748 2.594835 2.933255 2.246157 1.422184 1.644407 1.199961 1.273428 1.633660 0.902280 -1.449314 -0.440257 -2.458365 -2.275565 -1.929299 -2.632305 3.534186 3.541867 3.526503 3.791689 4.014302 3.562333 1.422184 1.644407 1.199961 2.594835 2.933255 2.246157 2.466507 2.530266 2.402748 1.273428 1.633660 0.902280 3.008598 2.770121 3.247075 2.828104 2.825799 2.830479 3.008598 2.770121 3.247075 ??? ??? ???
235_Dot_Probe_Block1 -1.027325 -1.485258 -0.569394 -0.868311 -0.669929 -1.066691 -2.382430 -2.629614 -2.135245 1.044461 1.857524 0.231396 -9.678357 -6.727703 -12.629012 -10.041841 -5.329161 -14.754509 2.776926 3.659253 1.894597 -0.993824 -2.782040 0.794391 -2.382430 -2.629614 -2.135245 -0.868311 -0.669929 -1.066691 -1.027325 -1.485258 -0.569394 1.044461 1.857524 0.231396 0.325890 -0.894839 1.546619 0.685006 1.008384 0.361629 0.325890 -0.894839 1.546619 ??? ??? ???
237_Dot_Probe_Block1 -2.069149 -2.120138 -2.018159 -2.449310 -1.862272 -3.036347 -1.006200 -1.108588 -0.903811 -1.640135 -0.774981 -2.505287 -3.641269 -3.429731 -3.852820 -3.477155 -2.432025 -4.522280 -0.475514 -0.147749 -0.803280 -1.039071 0.696495 -2.774636 -1.006200 -1.108588 -0.903811 -2.449310 -1.862272 -3.036347 -2.069149 -2.120138 -2.018159 -1.640135 -0.774981 -2.505287 -2.956081 -3.126465 -2.785701 -3.007695 -2.024304 -3.991088 -2.956081 -3.126465 -2.785701 ??? ??? ???
239_Dot_Probe_Block1 2.021086 2.180623 1.856857 2.395988 2.272291 2.519686 2.208493 1.844657 2.583031 0.996445 0.945790 1.047098 -0.507673 -1.234317 0.240346 0.970875 -0.206000 2.147749 -0.011049 1.547615 -1.615557 0.063427 0.957802 -0.830948 2.208493 1.844657 2.583031 2.395988 2.272291 2.519686 2.021086 2.180623 1.856857 0.996445 0.945790 1.047098 3.756212 3.882199 3.626522 3.548368 3.117638 3.979097 3.756212 3.882199 3.626522 ??? ??? ???
240_Dot_Probe_Block1 -1.349355 -1.471753 -1.226956 0.452101 0.344878 0.562676 -2.301909 -2.238721 -2.365098 -2.092129 -2.416526 -1.757591 1.630363 1.067089 2.193633 1.944135 2.112701 1.770309 -1.109051 -0.615309 -1.602793 -0.432356 -1.757172 0.933859 -2.301909 -2.238721 -2.365098 0.452101 0.344878 0.562676 -1.349355 -1.471753 -1.226956 -2.092129 -2.416526 -1.757591 -0.646897 -1.290061 -0.003733 0.757626 0.621472 0.898034 -0.646897 -1.290061 -0.003733 ??? ??? ???
241_Dot_Probe_Block1 -2.237917 -1.771238 -2.704597 -2.390520 -1.830867 -2.950173 -0.456387 -0.311472 -0.601302 -1.149613 -1.023751 -1.275476 -1.761691 -2.556999 -0.966388 -0.472406 -1.740017 0.795206 -1.013767 -0.932667 -1.094866 -2.116467 -1.884508 -2.348427 -0.456387 -0.311472 -0.601302 -2.390520 -1.830867 -2.950173 -2.237917 -1.771238 -2.704597 -1.149613 -1.023751 -1.275476 -2.033756 -1.783086 -2.284427 -1.950884 -1.421331 -2.480438 -2.033756 -1.783086 -2.284427 ??? ??? ???
242_Dot_Probe_Block1 0.744900 0.148833 1.365803 1.735210 1.591274 1.884903 5.554186 5.870772 5.224410 5.642884 6.513992 4.736934 0.475013 1.503771 -0.596607 0.323193 0.055090 0.602022 -2.426300 -2.690701 -2.150884 0.079725 -0.760797 0.953869 5.554186 5.870772 5.224410 1.735210 1.591274 1.884903 0.744900 0.148833 1.365803 5.642884 6.513992 4.736934 2.936401 2.034785 3.875584 4.078677 3.424268 4.759264 2.936401 2.034785 3.875584 ??? ??? ???
243_Dot_Probe_Block1 -1.393174 -1.392772 -1.393594 -0.667787 -0.658867 -0.677067 0.192062 0.509742 -0.138327 -0.570595 -0.229696 -0.925129 -1.896210 -0.925310 -2.905942 -0.230368 -0.638865 0.194478 0.116856 0.290207 -0.063430 -0.300553 -1.119684 0.551340 0.192062 0.509742 -0.138327 -0.667787 -0.658867 -0.677067 -1.393174 -1.392772 -1.393594 -0.570595 -0.229696 -0.925129 -1.143218 -1.003684 -1.288333 -0.415352 -0.164512 -0.676227 -1.143218 -1.003684 -1.288333 ??? ??? ???
244_Dot_Probe_Block1 -2.631251 -2.335325 -2.927176 -2.284280 -2.363445 -2.200716 0.921583 2.263976 -0.420810 -0.408191 -0.544139 -0.264689 1.702776 2.457001 0.948551 2.117007 1.436005 2.835837 -2.574607 -1.431400 -3.717814 -0.748231 -0.584982 -0.920555 0.921583 2.263976 -0.420810 -2.284280 -2.363445 -2.200716 -2.631251 -2.335325 -2.927176 -0.408191 -0.544139 -0.264689 -3.770733 -3.375386 -4.166080 -3.247129 -3.493041 -2.987558 -3.770733 -3.375386 -4.166080 ??? ??? ???
245_Dot_Probe_Block1 1.445292 0.787671 2.120686 1.696262 2.308304 1.084220 2.656305 2.555768 2.759560 2.739917 2.309355 3.170478 1.087394 0.980997 1.196666 0.388304 1.005797 -0.229192 -0.846353 -0.954163 -0.735631 -0.822647 -0.546409 -1.098884 2.656305 2.555768 2.759560 1.696262 2.308304 1.084220 1.445292 0.787671 2.120686 2.739917 2.309355 3.170478 3.252490 3.174077 3.333023 4.034374 4.210822 3.857927 3.252490 3.174077 3.333023 ??? ??? ???
247_Dot_Probe_Block1 1.264467 1.118615 1.410319 1.112030 1.082238 1.141821 1.132470 1.685421 0.579519 0.138634 0.330379 -0.053110 2.662014 4.759935 0.564085 3.199750 4.116202 2.283296 0.064657 -0.193258 0.322572 -0.626496 -0.110399 -1.142594 1.132470 1.685421 0.579519 1.112030 1.082238 1.141821 1.264467 1.118615 1.410319 0.138634 0.330379 -0.053110 2.451753 2.772002 2.131502 1.004023 0.873278 1.134769 2.451753 2.772002 2.131502 ??? ??? ???
248_Dot_Probe_Block1 1.983124 2.214880 1.751370 1.844244 2.260546 1.413073 1.132715 0.017501 2.247930 0.437229 0.321863 0.556714 -0.457853 -0.939254 0.023551 -0.860076 -1.985038 0.305066 -1.540282 0.411762 -3.492325 -0.728419 0.246510 -1.738169 1.132715 0.017501 2.247930 1.844244 2.260546 1.413073 1.983124 2.214880 1.751370 0.437229 0.321863 0.556714 5.767176 5.541529 5.992820 5.160945 5.855702 4.441374 5.767176 5.541529 5.992820 ??? ??? ???
249_Dot_Probe_Block1 -3.003740 -3.293402 -2.697043 -3.065761 -2.720832 -3.427114 -2.844182 -3.389892 -2.266368 -2.320608 -1.008452 -3.695249 -12.789081 -14.415107 -11.067427 -13.266549 -15.018923 -11.430747 0.196228 0.923822 -0.574166 -0.259780 -1.298881 0.828801 -2.844182 -3.389892 -2.266368 -3.065761 -2.720832 -3.427114 -3.003740 -3.293402 -2.697043 -2.320608 -1.008452 -3.695249 -5.595448 -6.344979 -4.801829 -4.884499 -3.694129 -6.131551 -5.595448 -6.344979 -4.801829 ??? ??? ???
251_Dot_Probe_Block1 -1.272058 -1.049621 -1.500198 -0.340126 -0.083710 -0.596542 -0.805408 -0.397814 -1.223452 -1.592943 -1.269116 -1.916771 -2.380793 -1.925096 -2.848170 -2.523274 -2.715511 -2.331048 0.732654 1.051691 0.405434 0.558841 0.529443 0.588241 -0.805408 -0.397814 -1.223452 -0.340126 -0.083710 -0.596542 -1.272058 -1.049621 -1.500198 -1.592943 -1.269116 -1.916771 -1.288593 -1.152789 -1.427878 -0.127320 0.456858 -0.711498 -1.288593 -1.152789 -1.427878 ??? ??? ???
252_Dot_Probe_Block1 -2.346495 -2.202968 -2.490022 -2.039405 -2.241251 -1.831443 -0.864331 -0.912062 -0.816599 -1.000640 -0.531756 -1.483732 0.350059 0.322366 0.377750 -0.527684 -1.160399 0.124202 0.028876 0.095378 -0.037625 0.966637 0.736836 1.203400 -0.864331 -0.912062 -0.816599 -2.039405 -2.241251 -1.831443 -2.346495 -2.202968 -2.490022 -1.000640 -0.531756 -1.483732 -2.548438 -1.925711 -3.171165 -2.163308 -2.183757 -2.142242 -2.548438 -1.925711 -3.171165 ??? ??? ???
255_Dot_Probe_Block1 0.911313 1.487348 0.335279 0.288705 0.025726 0.551683 0.934893 0.926282 0.943504 0.923329 0.734716 1.111942 -0.173145 -0.998235 0.651944 0.469594 -0.806608 1.745790 -0.360199 -1.044628 0.324230 0.780825 1.162610 0.399036 0.934893 0.926282 0.943504 0.288705 0.025726 0.551683 0.911313 1.487348 0.335279 0.923329 0.734716 1.111942 2.761154 3.003046 2.519261 2.134340 2.127823 2.140856 2.761154 3.003046 2.519261 ??? ??? ???
256_Dot_Probe_Block1 4.125721 4.427985 3.815503 3.089514 3.017769 3.161258 2.459934 2.125069 2.803613 1.711399 1.348868 2.073930 0.456085 -1.379233 2.339707 1.580725 1.112466 2.048981 1.397516 1.251842 1.547024 0.129079 1.192479 -0.934321 2.459934 2.125069 2.803613 3.089514 3.017769 3.161258 4.125721 4.427985 3.815503 1.711399 1.348868 2.073930 5.423174 5.302669 5.546849 3.880968 3.675502 4.086433 5.423174 5.302669 5.546849 ??? ??? ???
257_Dot_Probe_Block1 0.191711 -4.725218 5.108640 -2.091455 -5.039229 0.856320 4.514194 2.175766 6.852624 0.098479 1.617702 -1.420743 2.706368 1.875983 3.536754 14.633075 20.523256 8.742876 -7.373243 -12.516516 -2.229962 1.720670 -0.385898 3.827234 4.514194 2.175766 6.852624 -2.091455 -5.039229 0.856320 0.191711 -4.725218 5.108640 0.098479 1.617702 -1.420743 1.453552 -3.513251 6.420361 -5.651080 -10.348143 -0.954013 1.453552 -3.513251 6.420361 ??? ??? ???
263_Dot_Probe_Block1 -2.931629 -3.626562 -2.190367 -1.329519 -0.629641 -2.029397 -2.803218 -3.471671 -2.090203 -2.759467 -3.439244 -2.079690 -4.269517 -7.273165 -1.065618 -9.597999 -10.462119 -8.733880 0.435806 2.399520 -1.658822 -0.944901 -0.496318 -1.393484 -2.803218 -3.471671 -2.090203 -1.329519 -0.629641 -2.029397 -2.931629 -3.626562 -2.190367 -2.759467 -3.439244 -2.079690 -3.000353 -4.141469 -1.783160 -0.917682 0.267121 -2.102485 -3.000353 -4.141469 -1.783160 ??? ??? ???
264_Dot_Probe_Block1 -2.079371 -1.806274 -2.352469 -0.750901 0.168767 -1.703415 -0.539035 0.152169 -1.230240 -0.281712 0.219356 -0.800675 -2.615489 -2.571885 -2.659093 -3.937289 -4.572232 -3.279669 1.319990 0.562689 2.077291 0.149327 0.185357 0.112010 -0.539035 0.152169 -1.230240 -0.750901 0.168767 -1.703415 -2.079371 -1.806274 -2.352469 -0.281712 0.219356 -0.800675 -2.401821 -1.945043 -2.858600 -0.970172 -0.418673 -1.541366 -2.401821 -1.945043 -2.858600 ??? ??? ???
266_Dot_Probe_Block1 -1.099757 -0.445776 -1.775537 -2.053786 -1.467465 -2.640107 -4.908424 -3.910008 -5.940125 -6.165506 -5.524347 -6.806666 -1.218970 -1.651421 -0.772104 -0.560729 -0.494542 -0.626916 1.100630 0.213240 2.017601 -1.523971 -2.315185 -0.732757 -4.908424 -3.910008 -5.940125 -2.053786 -1.467465 -2.640107 -1.099757 -0.445776 -1.775537 -6.165506 -5.524347 -6.806666 -1.472447 -0.932375 -2.030522 -2.953394 -2.025908 -3.880880 -1.472447 -0.932375 -2.030522 ??? ??? ???
267_Dot_Probe_Block1 -3.794410 -4.286049 -3.302773 -3.018445 -2.865871 -3.175139 -4.695124 -4.422427 -4.967820 -5.347866 -5.483551 -5.208507 -6.116950 -6.919335 -5.314559 -6.603615 -7.053479 -6.141583 -1.826911 -3.129948 -0.523874 -1.013414 -0.988450 -1.039052 -4.695124 -4.422427 -4.967820 -3.018445 -2.865871 -3.175139 -3.794410 -4.286049 -3.302773 -5.347866 -5.483551 -5.208507 -4.348204 -3.682010 -5.014398 -3.865193 -3.645748 -4.090576 -4.348204 -3.682010 -5.014398 ??? ??? ???
269_Dot_Probe_Block1 -2.120293 -2.326698 -1.907817 -2.029733 -2.718361 -1.321977 -2.437496 -2.454513 -2.419978 -2.196461 -1.700758 -2.705935 -1.554078 -2.047781 -1.045854 -0.920004 -1.255734 -0.574949 -1.234825 -1.712813 -0.742778 -0.745143 -0.101972 -1.406180 -2.437496 -2.454513 -2.419978 -2.029733 -2.718361 -1.321977 -2.120293 -2.326698 -1.907817 -2.196461 -1.700758 -2.705935 -0.051307 -0.511241 0.422156 -0.273248 -0.933133 0.404968 -0.051307 -0.511241 0.422156 ??? ??? ???
271_Dot_Probe_Block1 0.557330 0.705895 0.403263 0.568092 0.988886 0.147298 2.089866 3.082688 1.060272 1.440586 1.590774 1.290397 3.029630 3.049782 3.008732 -0.847306 1.126437 -2.821052 -0.163449 -0.200405 -0.125124 -1.301830 -2.363594 -0.240064 2.089866 3.082688 1.060272 0.568092 0.988886 0.147298 0.557330 0.705895 0.403263 1.440586 1.590774 1.290397 -2.624098 -2.222939 -3.040114 -3.019627 -2.369810 -3.669444 -2.624098 -2.222939 -3.040114 ??? ??? ???
272_Dot_Probe_Block1 -1.475818 -1.657220 -1.289765 -0.885687 -0.213313 -1.575302 -2.935772 -3.194397 -2.670515 -2.513311 -2.556756 -2.468753 -2.488319 -2.143507 -2.841955 -2.744833 -2.219558 -3.283574 -0.848140 -0.716325 -0.983336 -1.096960 -0.314573 -1.899407 -2.935772 -3.194397 -2.670515 -0.885687 -0.213313 -1.575302 -1.475818 -1.657220 -1.289765 -2.513311 -2.556756 -2.468753 -2.287883 -2.628517 -1.938514 -0.604321 -0.271448 -0.945728 -2.287883 -2.628517 -1.938514 ??? ??? ???
280_Dot_Probe_Block1 -6.029934 -6.249924 -5.809947 -5.900054 -5.417112 -6.397634 -13.383946 -13.934886 -12.833016 -11.987671 -11.965835 -12.010167 -7.327430 -7.579066 -7.075784 -4.328444 -3.756610 -4.917603 0.765838 -0.062385 1.594062 0.596490 1.187053 -0.011968 -13.383946 -13.934886 -12.833016 -5.900054 -5.417112 -6.397634 -6.029934 -6.249924 -5.809947 -11.987671 -11.965835 -12.010167 -4.528581 -4.289674 -4.767488 -4.631355 -3.219722 -6.085765 -4.528581 -4.289674 -4.767488 ??? ??? ???
281_Dot_Probe_Block1 -2.003817 -2.547740 -1.445193 -1.632431 -1.084672 -2.180189 -2.531799 -1.666940 -3.420034 -2.243643 -1.356692 -3.130596 1.178681 1.988085 0.347406 -0.168985 0.441159 -0.779126 1.616811 1.294397 1.947939 0.181085 0.924182 -0.562012 -2.531799 -1.666940 -3.420034 -1.632431 -1.084672 -2.180189 -2.003817 -2.547740 -1.445193 -2.243643 -1.356692 -3.130596 -5.207304 -5.733915 -4.666459 -4.408725 -3.550750 -5.266704 -5.207304 -5.733915 -4.666459 ??? ??? ???
284_Dot_Probe_Block1 -3.559239 -3.127326 -3.991151 -3.299894 -3.213034 -3.386753 -3.427846 -3.716202 -3.139488 -2.846230 -3.049085 -2.643371 -5.331664 -5.016177 -5.647139 -4.839131 -5.326429 -4.351848 -0.409194 -0.702976 -0.115410 -0.988692 -1.846464 -0.130921 -3.427846 -3.716202 -3.139488 -3.299894 -3.213034 -3.386753 -3.559239 -3.127326 -3.991151 -2.846230 -3.049085 -2.643371 -4.150186 -3.573188 -4.727188 -3.303290 -2.989030 -3.617552 -4.150186 -3.573188 -4.727188 ??? ??? ???
285_Dot_Probe_Block1 -0.114023 -0.304828 0.082233 0.108471 -0.053437 0.270379 -0.723822 -0.722169 -0.725521 -0.668345 0.620897 -1.957587 -0.524070 -0.210396 -0.846720 -0.608665 1.499250 -2.716577 0.623605 0.097550 1.164690 -1.664854 -2.979337 -0.350371 -0.723822 -0.722169 -0.725521 0.108471 -0.053437 0.270379 -0.114023 -0.304828 0.082233 -0.668345 0.620897 -1.957587 1.420377 1.277103 1.567744 2.002196 2.561513 1.442879 1.420377 1.277103 1.567744 ??? ??? ???
290_Dot_Probe_Block1 0.517514 0.841648 0.185068 0.122362 0.252965 -0.011590 0.585979 0.899275 0.264650 0.321187 0.214462 0.430647 -0.629088 -1.134321 -0.110903 -1.241819 -0.376520 -2.129306 -0.149017 -0.593213 0.306570 0.335045 -0.507387 1.199079 0.585979 0.899275 0.264650 0.122362 0.252965 -0.011590 0.517514 0.841648 0.185068 0.321187 0.214462 0.430647 0.608047 1.330060 -0.132479 1.328654 1.381252 1.274709 0.608047 1.330060 -0.132479 ??? ??? ???
292_Dot_Probe_Block1 0.022111 -0.133239 0.181901 0.581549 0.388318 0.774780 0.064761 0.274595 -0.151069 -0.513004 -1.201910 0.175903 -3.127381 -5.768075 -0.411244 -5.488106 -6.904937 -4.071251 0.849225 1.301930 0.383587 0.312736 0.041339 0.584133 0.064761 0.274595 -0.151069 0.581549 0.388318 0.774780 0.022111 -0.133239 0.181901 -0.513004 -1.201910 0.175903 1.450095 1.216184 1.690689 1.842867 1.805871 1.879865 1.450095 1.216184 1.690689 ??? ??? ???
293_Dot_Probe_Block1 -0.853639 -1.882050 0.289038 -2.401525 -2.991230 -1.746298 -0.162066 0.845131 -1.281174 0.877513 0.255603 1.568523 -2.383469 -2.108904 -2.688530 -7.582718 -8.741888 -6.294752 -1.490266 -1.286122 -1.717079 -2.489850 -2.004443 -3.029192 -0.162066 0.845131 -1.281174 -2.401525 -2.991230 -1.746298 -0.853639 -1.882050 0.289038 0.877513 0.255603 1.568523 -3.475880 -4.224945 -2.643586 -4.658805 -6.059759 -3.102186 -3.475880 -4.224945 -2.643586 ??? ??? ???
295_Dot_Probe_Block1 -1.238305 -0.577834 -1.898776 -2.721813 -3.398541 -2.045086 0.090282 -0.415985 0.596550 -1.242635 -1.380900 -1.104370 -3.995145 -2.921888 -5.068378 -1.191413 -1.945163 -0.437671 -3.801777 -4.134145 -3.469414 -1.311155 -1.343507 -1.278804 0.090282 -0.415985 0.596550 -2.721813 -3.398541 -2.045086 -1.238305 -0.577834 -1.898776 -1.242635 -1.380900 -1.104370 -3.354530 -3.832816 -2.876244 -2.798794 -3.047478 -2.550109 -3.354530 -3.832816 -2.876244 ??? ??? ???
296_Dot_Probe_Block1 -2.308824 -1.625758 -2.991890 -3.261435 -3.551192 -2.964054 2.959811 2.889445 3.030177 2.763696 2.918211 2.605114 -0.090331 -0.964852 0.784188 -1.571826 -1.404562 -1.743493 1.215228 1.248560 1.181894 1.027776 0.997948 1.058390 2.959811 2.889445 3.030177 -3.261435 -3.551192 -2.964054 -2.308824 -1.625758 -2.991890 2.763696 2.918211 2.605114 1.375607 1.718616 1.032598 1.483896 1.300041 1.672590 1.375607 1.718616 1.032598 ??? ??? ???
297_Dot_Probe_Block1 -3.503702 -3.912348 -3.095058 -2.407111 -2.456442 -2.356081 -3.959138 -4.067984 -3.850295 -4.787590 -4.871987 -4.700284 -1.744133 -2.738943 -0.749330 -4.027895 -5.145223 -2.872039 0.602240 1.190425 0.014054 -1.252796 -1.996976 -0.482958 -3.959138 -4.067984 -3.850295 -2.407111 -2.456442 -2.356081 -3.503702 -3.912348 -3.095058 -4.787590 -4.871987 -4.700284 -5.598496 -5.913965 -5.283023 -4.072721 -4.383708 -3.751005 -5.598496 -5.913965 -5.283023 ??? ??? ???
298_Dot_Probe_Block1 -0.347706 -0.409355 -0.286058 -0.282138 -0.086876 -0.477401 -6.447414 -6.747067 -6.147762 -7.673383 -7.326274 -8.020491 -2.141587 -2.393825 -1.889349 -3.684283 -4.278744 -3.089813 -0.859603 -1.446899 -0.272307 0.142064 -0.405370 0.689498 -6.447414 -6.747067 -6.147762 -0.282138 -0.086876 -0.477401 -0.347706 -0.409355 -0.286058 -7.673383 -7.326274 -8.020491 -3.236901 -3.185795 -3.288007 -2.666532 -2.138015 -3.195049 -3.236901 -3.185795 -3.288007 ??? ??? ???
304_Dot_Probe_Block1 -3.693390 -3.317711 -4.069067 -3.081611 -3.072620 -3.090922 -0.250031 -0.316676 -0.183385 -0.195817 -0.875795 0.508447 -12.644110 -11.231311 -14.056895 -13.454791 -14.052346 -12.835929 -0.805393 -1.772359 0.161573 -1.089673 0.063852 -2.284395 -0.250031 -0.316676 -0.183385 -3.081611 -3.072620 -3.090922 -3.693390 -3.317711 -4.069067 -0.195817 -0.875795 0.508447 -3.155524 -3.523293 -2.787756 -2.302869 -2.613601 -1.981040 -3.155524 -3.523293 -2.787756 ??? ??? ???
305_Dot_Probe_Block1 -0.184057 -0.564220 0.207986 0.576244 0.704112 0.448377 -1.213698 -1.601709 -0.813564 -3.147739 -3.410685 -2.884794 0.336011 -0.245833 0.936037 0.733163 0.813103 0.653223 -1.825058 -1.356706 -2.308046 -1.314376 -0.956413 -1.672337 -1.213698 -1.601709 -0.813564 0.576244 0.704112 0.448377 -0.184057 -0.564220 0.207986 -3.147739 -3.410685 -2.884794 0.770302 0.162427 1.397174 1.439706 1.675332 1.204081 0.770302 0.162427 1.397174 ??? ??? ???
310_Dot_Probe_Task_Block1 -0.208894 0.808452 -1.259057 -0.635514 -1.107756 -0.148963 -1.368474 -1.270509 -1.469600 -1.061721 -1.374783 -0.739172 -1.904730 -0.891683 -2.950454 -4.031512 -5.435067 -2.585423 0.846540 1.526071 0.145090 -0.011718 -0.786727 0.786774 -1.368474 -1.270509 -1.469600 -0.635514 -1.107756 -0.148963 -0.208894 0.808452 -1.259057 -1.061721 -1.374783 -0.739172 3.023914 3.872739 2.147711 2.639673 2.249541 3.041628 3.023914 3.872739 2.147711 ??? ??? ???
67_Dot_Probe_Block1 -0.302357 -1.307423 0.702712 -4.001441 -5.998176 -1.006340 -1.780710 -5.711966 2.150548 -1.171606 -1.510519 -0.663237 -5.663221 -8.626623 -2.699847 2.612226 -0.028837 6.573857 -2.430255 -7.805059 2.944573 -3.613517 -0.802956 -7.829372 -1.780710 -5.711966 2.150548 -4.001441 -5.998176 -1.006340 -0.302357 -1.307423 0.702712 -1.171606 -1.510519 -0.663237 -0.554096 -1.568263 0.460070 -2.888319 -4.676222 -0.206460 -0.554096 -1.568263 0.460070 ??? ??? ???
70_Dot_Probe_Block1 -1.985323 -1.346243 -2.624404 -3.237769 -3.489594 -2.978947 4.009683 3.872439 4.146927 2.890980 2.522385 3.269812 5.585355 5.966991 5.203703 6.783332 8.442337 5.078242 0.049801 -0.074065 0.173668 0.504337 0.377200 0.635003 4.009683 3.872439 4.146927 -3.237769 -3.489594 -2.978947 -1.985323 -1.346243 -2.624404 2.890980 2.522385 3.269812 -1.640250 -1.260514 -2.019985 -3.449929 -3.569370 -3.327170 -1.640250 -1.260514 -2.019985 ??? ??? ???
71_Dot_Probe_Block1 1.058903 1.245839 0.865736 1.013845 1.649364 0.378325 -0.811620 0.208619 -1.865866 -1.024153 -0.457173 -1.591134 -2.140446 -2.106161 -2.175905 -0.733302 0.440749 -1.907351 -0.076856 -1.085448 0.965356 -0.598342 -0.952745 -0.243939 -0.811620 0.208619 -1.865866 1.013845 1.649364 0.378325 1.058903 1.245839 0.865736 -1.024153 -0.457173 -1.591134 2.814497 3.954434 1.636562 3.126934 3.949307 2.304561 2.814497 3.954434 1.636562 ??? ??? ???
73_Dot_Probe_Block1 -2.254192 -1.430803 -3.105025 -1.518458 -0.824107 -2.238526 -4.005324 -4.355452 -3.643525 -3.337413 -4.058205 -2.589919 -0.569368 -1.474114 0.365540 -0.769840 -1.686077 0.180328 0.359124 0.068415 0.659523 0.472557 -0.360102 1.336057 -4.005324 -4.355452 -3.643525 -1.518458 -0.824107 -2.238526 -2.254192 -1.430803 -3.105025 -3.337413 -4.058205 -2.589919 -2.953162 -2.514155 -3.406802 -2.385608 -1.978877 -2.807404 -2.953162 -2.514155 -3.406802 ??? ??? ???
