Vp P7-Indiv_Ch_P78_NA P7-Indiv_Ch_P78_NA_Odd P7-Indiv_Ch_P78_NA_Even P7-Indiv_Ch_P78_AN P7-Indiv_Ch_P78_AN_Odd P7-Indiv_Ch_P78_AN_Even P8-Indiv_Ch_P78_NA P8-Indiv_Ch_P78_NA_Odd P8-Indiv_Ch_P78_NA_Even P8-Indiv_Ch_P78_AN P8-Indiv_Ch_P78_AN_Odd P8-Indiv_Ch_P78_AN_Even VEOG-Indiv_Ch_P78_NA VEOG-Indiv_Ch_P78_NA_Odd VEOG-Indiv_Ch_P78_NA_Even VEOG-Indiv_Ch_P78_AN VEOG-Indiv_Ch_P78_AN_Odd VEOG-Indiv_Ch_P78_AN_Even HEOG-Indiv_Ch_P78_NA HEOG-Indiv_Ch_P78_NA_Odd HEOG-Indiv_Ch_P78_NA_Even HEOG-Indiv_Ch_P78_AN HEOG-Indiv_Ch_P78_AN_Odd HEOG-Indiv_Ch_P78_AN_Even Ipsi_P78-Indiv_Ch_P78_NA Ipsi_P78-Indiv_Ch_P78_NA_Odd Ipsi_P78-Indiv_Ch_P78_NA_Even Ipsi_P78-Indiv_Ch_P78_AN Ipsi_P78-Indiv_Ch_P78_AN_Odd Ipsi_P78-Indiv_Ch_P78_AN_Even Contra_P78-Indiv_Ch_P78_NA Contra_P78-Indiv_Ch_P78_NA_Odd Contra_P78-Indiv_Ch_P78_NA_Even Contra_P78-Indiv_Ch_P78_AN Contra_P78-Indiv_Ch_P78_AN_Odd Contra_P78-Indiv_Ch_P78_AN_Even PO7-Indiv_Ch_P78_NA PO7-Indiv_Ch_P78_NA_Odd PO7-Indiv_Ch_P78_NA_Even PO7-Indiv_Ch_P78_AN PO7-Indiv_Ch_P78_AN_Odd PO7-Indiv_Ch_P78_AN_Even Contra_PO-Indiv_Ch_P78_NA Contra_PO-Indiv_Ch_P78_NA_Odd Contra_PO-Indiv_Ch_P78_NA_Even Contra_PO-Indiv_Ch_P78_AN Contra_PO-Indiv_Ch_P78_AN_Odd Contra_PO-Indiv_Ch_P78_AN_Even
102_Dot_Probe_Block2 1.719004 1.388583 2.049425 2.390718 2.586847 2.194587 5.296717 5.156196 5.437241 3.314377 2.644245 3.984509 0.817310 0.678393 0.956216 0.447516 -0.082609 0.977642 -1.479682 -3.677752 0.718389 1.210259 2.250254 0.170265 5.296717 5.156196 5.437241 2.390718 2.586847 2.194587 1.719004 1.388583 2.049425 3.314377 2.644245 3.984509 4.448609 4.474693 4.422526 4.541342 4.242270 4.840418 4.448609 4.474693 4.422526 ??? ??? ???
103_Dot_Probe_Block2 5.514049 6.091395 4.936701 4.673141 4.768139 4.578143 6.836879 6.986113 6.687645 6.079433 6.194468 5.964395 -9.630778 -8.401019 -10.860536 -8.572305 -7.600633 -9.543999 0.080236 1.212161 -1.051689 1.923984 3.303590 0.544376 6.836879 6.986113 6.687645 4.673141 4.768139 4.578143 5.514049 6.091395 4.936701 6.079433 6.194468 5.964395 5.192557 5.764868 4.620246 4.420683 4.242901 4.598470 5.192557 5.764868 4.620246 ??? ??? ???
104_Dot_Probe_Block2 8.665409 9.176110 8.122782 7.807480 7.349361 8.296141 6.845430 6.511404 7.200335 8.262539 8.356693 8.162099 0.887129 1.118436 0.641378 0.404070 1.817140 -1.103208 4.672754 6.317769 2.924929 0.025810 -1.250570 1.387285 6.845430 6.511404 7.200335 7.807480 7.349361 8.296141 8.665409 9.176110 8.122782 8.262539 8.356693 8.162099 14.392480 14.657240 14.111182 14.484691 14.475389 14.494619 14.392480 14.657240 14.111182 ??? ??? ???
105_Dot_Probe_Block2 4.953703 5.365674 4.541732 5.048380 5.141057 4.955708 2.786951 2.867114 2.706788 3.276892 3.092849 3.460936 -5.912982 -3.783565 -8.042397 -1.718769 2.703887 -6.141409 0.920271 0.464107 1.376436 0.109115 0.140906 0.077323 2.786951 2.867114 2.706788 5.048380 5.141057 4.955708 4.953703 5.365674 4.541732 3.276892 3.092849 3.460936 4.476460 4.977783 3.975139 4.257896 4.317683 4.198112 4.476460 4.977783 3.975139 ??? ??? ???
106_Dot_Probe_Block2 0.626322 1.033137 0.219508 2.356781 1.560999 3.175300 3.619749 3.309728 3.929771 3.310475 2.438112 4.207763 -0.227640 -0.383125 -0.072153 0.780234 0.061495 1.519509 0.770664 0.899637 0.641691 0.908031 0.066084 1.774035 3.619749 3.309728 3.929771 2.356781 1.560999 3.175300 0.626322 1.033137 0.219508 3.310475 2.438112 4.207763 2.027475 2.639455 1.415496 4.105361 2.984569 5.258175 2.027475 2.639455 1.415496 ??? ??? ???
108_Dot_Probe_Block2 5.570093 5.476237 5.663946 6.476301 6.168909 6.791577 8.869882 8.596077 9.143685 7.880454 7.846808 7.914958 0.470904 1.456583 -0.514777 0.968709 1.304894 0.623904 0.898135 1.772965 0.023305 -0.805398 -1.178320 -0.422914 8.869882 8.596077 9.143685 6.476301 6.168909 6.791577 5.570093 5.476237 5.663946 7.880454 7.846808 7.914958 10.363144 9.965325 10.760956 10.971827 10.590411 11.363015 10.363144 9.965325 10.760956 ??? ??? ???
109_Dot_Probe_Block2 -0.785406 -0.480833 -1.103827 -1.464598 -1.939167 -0.970259 -0.217920 -0.838469 0.430834 -0.332237 -0.719322 0.070977 -17.222197 -18.921144 -15.446019 -16.207073 -15.620742 -16.817835 0.053300 2.156797 -2.145809 -0.053946 0.390074 -0.516466 -0.217920 -0.838469 0.430834 -1.464598 -1.939167 -0.970259 -0.785406 -0.480833 -1.103827 -0.332237 -0.719322 0.070977 0.254541 1.306325 -0.845055 -0.489799 -0.422121 -0.560297 0.254541 1.306325 -0.845055 ??? ??? ???
110_Dot_Probe_Block2 5.786504 6.702966 4.826403 3.878768 4.276457 3.481079 5.317284 6.412011 4.170427 5.912866 5.615174 6.210558 1.590368 2.224202 0.926350 0.801880 4.084424 -2.480664 -0.430858 0.547120 -1.455407 0.847024 0.839632 0.854418 5.317284 6.412011 4.170427 3.878768 4.276457 3.481079 5.786504 6.702966 4.826403 5.912866 5.615174 6.210558 5.149655 5.573625 4.705495 4.064905 4.435808 3.693999 5.149655 5.573625 4.705495 ??? ??? ???
112_Dot_Probe_Block2 0.456158 1.231571 -0.341409 0.758259 0.521681 0.994836 4.186706 4.913577 3.439069 3.133343 2.293820 3.972865 -5.907751 -2.550087 -9.361358 -7.498664 -8.412039 -6.585274 0.251324 0.556597 -0.062672 1.571956 2.346501 0.797412 4.186706 4.913577 3.439069 0.758259 0.521681 0.994836 0.456158 1.231571 -0.341409 3.133343 2.293820 3.972865 -2.478523 -1.574681 -3.408187 -2.770504 -3.025266 -2.515742 -2.478523 -1.574681 -3.408187 ??? ??? ???
113_Dot_Probe_Block2 4.859132 5.129337 4.578118 5.489710 6.067154 4.912264 5.196406 5.809019 4.559288 3.385896 2.895368 3.876426 -0.001079 -0.943246 0.978773 1.287365 -0.040910 2.615640 -0.463427 0.284990 -1.241779 0.512222 0.604515 0.419930 5.196406 5.809019 4.559288 5.489710 6.067154 4.912264 4.859132 5.129337 4.578118 3.385896 2.895368 3.876426 5.893242 6.403736 5.362332 6.265274 6.742174 5.788370 5.893242 6.403736 5.362332 ??? ??? ???
114_Dot_Probe_Block2 4.158723 4.384299 3.927212 4.845393 4.567983 5.122804 2.956582 3.749739 2.142550 3.726651 3.261060 4.192242 2.627171 2.388614 2.872002 2.216277 1.025234 3.407312 -0.758671 -0.681834 -0.837530 0.051956 0.935131 -0.831218 2.956582 3.749739 2.142550 4.845393 4.567983 5.122804 4.158723 4.384299 3.927212 3.726651 3.261060 4.192242 6.742033 7.001825 6.475412 8.068925 7.915826 8.222024 6.742033 7.001825 6.475412 ??? ??? ???
116_Dot_Probe_Block2 1.375839 1.663522 1.079439 2.635936 1.854273 3.442026 1.741714 2.195580 1.274094 0.533136 0.086819 0.993401 -0.366512 0.947842 -1.720676 -0.645313 -1.316945 0.047299 -0.918115 -0.410303 -1.441316 0.006356 -1.220990 1.272056 1.741714 2.195580 1.274094 2.635936 1.854273 3.442026 1.375839 1.663522 1.079439 0.533136 0.086819 0.993401 0.147793 0.616519 -0.335137 1.295036 0.517953 2.096403 0.147793 0.616519 -0.335137 ??? ??? ???
119_Dot_Probe_Block2 2.490027 2.354758 2.625296 1.887224 1.047698 2.750070 2.622269 2.519483 2.725057 2.548592 1.883473 3.232187 -6.242954 -7.467852 -5.018048 -4.210154 -4.956758 -3.442801 0.424459 1.477541 -0.628623 0.042333 -0.314711 0.409294 2.622269 2.519483 2.725057 1.887224 1.047698 2.750070 2.490027 2.354758 2.625296 2.548592 1.883473 3.232187 4.243074 3.810960 4.675190 3.914926 2.966956 4.889228 4.243074 3.810960 4.675190 ??? ??? ???
121_Dot_Probe_Block2 -0.155852 0.836629 -1.174451 1.304449 0.447575 2.161322 3.257266 2.544596 3.988690 2.884018 3.133529 2.634506 1.283649 -2.345659 5.008474 0.802164 -0.392880 1.997211 -1.235915 0.192022 -2.701429 0.448548 -0.922610 1.819704 3.257266 2.544596 3.988690 1.304449 0.447575 2.161322 -0.155852 0.836629 -1.174451 2.884018 3.133529 2.634506 1.481066 2.619011 0.313176 2.977907 1.613051 4.342764 1.481066 2.619011 0.313176 ??? ??? ???
123_Dot_Probe_Block2 1.572623 1.757311 1.387935 2.491958 2.826845 2.148021 4.588416 4.703096 4.473735 4.110502 4.409583 3.803337 1.964175 0.342555 3.585794 0.811636 0.943975 0.675719 -2.109728 -1.173733 -3.045725 -1.315668 -1.348457 -1.281994 4.588416 4.703096 4.473735 2.491958 2.826845 2.148021 1.572623 1.757311 1.387935 4.110502 4.409583 3.803337 3.327907 3.306622 3.349194 4.115228 4.193094 4.035258 3.327907 3.306622 3.349194 ??? ??? ???
124_Dot_Probe_Block2 0.882087 0.532173 1.232000 -2.250181 -3.336230 -0.802119 -0.461386 0.961675 -1.884447 4.817724 4.989796 4.588292 -0.063607 -0.178165 0.050951 0.045161 0.153246 -0.098952 0.531678 0.458463 0.604892 -3.200620 -3.785698 -2.420518 -0.461386 0.961675 -1.884447 -2.250181 -3.336230 -0.802119 0.882087 0.532173 1.232000 4.817724 4.989796 4.588292 2.059266 3.208131 0.910401 0.247365 -1.696162 2.838734 2.059266 3.208131 0.910401 ??? ??? ???
125_Dot_Probe_Block2 1.723166 2.641556 0.768040 1.484776 0.383545 2.630057 5.318951 5.700131 4.922520 4.942935 4.925913 4.960641 0.032274 -1.485432 1.610681 -5.771935 -7.396370 -4.082536 -0.144840 -2.080850 1.868613 -0.965866 -0.993112 -0.937532 5.318951 5.700131 4.922520 1.484776 0.383545 2.630057 1.723166 2.641556 0.768040 4.942935 4.925913 4.960641 1.605377 3.288722 -0.145302 1.807946 0.793011 2.863480 1.605377 3.288722 -0.145302 ??? ??? ???
127_Dot_Probe_Block2 3.102637 2.598542 3.606731 3.880679 4.061527 3.693803 3.344741 3.677801 3.011682 2.300447 2.886358 1.695005 0.899397 -0.781364 2.580155 0.314253 -2.989269 3.727891 -1.398628 -1.431737 -1.365517 0.158965 -0.118941 0.446134 3.344741 3.677801 3.011682 3.880679 4.061527 3.693803 3.102637 2.598542 3.606731 2.300447 2.886358 1.695005 6.563772 6.435063 6.692481 6.838644 7.222141 6.442359 6.563772 6.435063 6.692481 ??? ??? ???
128_2_Dot_Probe_Block2 6.840427 6.162943 7.630823 6.915838 4.036165 9.795515 1.621077 0.970783 2.379753 0.721521 -1.199335 2.642377 0.100669 -2.345122 2.954069 -0.954262 -4.109920 2.201401 0.218155 -0.415855 0.957825 -1.912886 0.317368 -4.143144 1.621077 0.970783 2.379753 6.915838 4.036165 9.795515 6.840427 6.162943 7.630823 0.721521 -1.199335 2.642377 7.241307 6.973511 7.553734 7.932213 4.124608 11.739810 7.241307 6.973511 7.553734 ??? ??? ???
129_Dot_Probe_Block2 3.950699 4.114516 3.780055 4.056812 3.174212 4.985867 10.117144 11.064894 9.129906 10.670641 11.208870 10.104081 -9.873571 -10.460663 -9.262053 -11.284548 -9.542385 -13.118423 1.427655 2.917953 -0.124743 1.278831 0.565513 2.029689 10.117144 11.064894 9.129906 4.056812 3.174212 4.985867 3.950699 4.114516 3.780055 10.670641 11.208870 10.104081 7.341932 7.010462 7.687218 7.927856 7.147524 8.749258 7.341932 7.010462 7.687218 ??? ??? ???
130_Dot_Probe_Block2 2.877188 2.445692 3.325944 2.759300 3.223137 2.277622 0.695560 0.910341 0.472187 0.874021 1.367948 0.361097 0.356456 -0.361232 1.102853 -0.867101 1.475948 -3.300270 0.318131 -1.545277 2.256074 1.136012 1.512430 0.745117 0.695560 0.910341 0.472187 2.759300 3.223137 2.277622 2.877188 2.445692 3.325944 0.874021 1.367948 0.361097 5.186903 5.280637 5.089425 4.513675 5.069351 3.936626 5.186903 5.280637 5.089425 ??? ??? ???
133_Dot_Probe_Block2 5.065016 5.228474 4.897022 4.847628 5.006461 4.688794 6.827981 7.321085 6.321182 6.581002 7.050354 6.111647 -0.558444 -0.178869 -0.948563 -0.723724 -0.391270 -1.056175 -1.251135 -3.362348 0.918723 -0.377180 -0.804449 0.050088 6.827981 7.321085 6.321182 4.847628 5.006461 4.688794 5.065016 5.228474 4.897022 6.581002 7.050354 6.111647 5.325034 5.461797 5.184475 4.887741 5.177465 4.598021 5.325034 5.461797 5.184475 ??? ??? ???
134_Dot_Probe_Block2 5.589848 6.060784 5.103217 5.790493 7.547488 4.033495 5.388358 4.816824 5.978941 5.499741 4.734466 6.265018 -4.620859 -5.561484 -3.648889 -4.497842 -3.605789 -5.389888 -0.264208 -0.201921 -0.328571 0.821191 2.035745 -0.393362 5.388358 4.816824 5.978941 5.790493 7.547488 4.033495 5.589848 6.060784 5.103217 5.499741 4.734466 6.265018 6.902763 7.336819 6.454237 7.617269 9.354063 5.880476 6.902763 7.336819 6.454237 ??? ??? ???
135_Dot_Probe_Block2 1.837050 1.700100 1.973999 4.279785 4.432678 4.118844 5.069710 5.797626 4.341794 4.987141 4.569063 5.427225 -2.202860 0.553156 -4.958879 -1.884771 -2.370299 -1.373671 0.200866 -1.035063 1.436798 1.248956 2.420755 0.015486 5.069710 5.797626 4.341794 4.279785 4.432678 4.118844 1.837050 1.700100 1.973999 4.987141 4.569063 5.427225 9.385949 9.928951 8.842947 12.073918 12.390154 11.741039 9.385949 9.928951 8.842947 ??? ??? ???
136_Dot_Probe_Block2 3.510507 3.049881 3.983583 5.206529 5.518961 4.886083 3.570211 2.665470 4.499403 3.148965 2.975304 3.327077 -5.262865 -4.775704 -5.763198 -4.530426 -4.824771 -4.228544 -1.071817 -1.277119 -0.860966 0.076025 1.701409 -1.591036 3.570211 2.665470 4.499403 5.206529 5.518961 4.886083 3.510507 3.049881 3.983583 3.148965 2.975304 3.327077 5.468342 4.768010 6.187601 6.978849 7.014768 6.942013 5.468342 4.768010 6.187601 ??? ??? ???
137_Dot_Probe_Block2 2.097520 2.091976 2.103232 1.107550 1.171720 1.043380 3.377796 3.461979 3.291063 3.097637 3.076586 3.118689 2.514828 2.555610 2.472809 2.372511 0.962438 3.782585 -1.625986 -1.222028 -2.042186 0.460231 0.492361 0.428101 3.377796 3.461979 3.291063 1.107550 1.171720 1.043380 2.097520 2.091976 2.103232 3.097637 3.076586 3.118689 3.797806 3.804491 3.790917 2.806215 2.824622 2.787806 3.797806 3.804491 3.790917 ??? ??? ???
138_Dot_Probe_Block2 6.367430 8.907631 3.827228 5.194142 8.586276 1.541076 3.746246 3.810689 3.681800 3.506687 4.497749 2.439389 0.959090 1.909154 0.009047 3.131549 -0.813325 7.379882 -0.750909 0.135230 -1.637048 -1.471730 -0.736148 -2.263906 3.746246 3.810689 3.681800 5.194142 8.586276 1.541076 6.367430 8.907631 3.827228 3.506687 4.497749 2.439389 7.876624 9.817496 5.935748 5.691667 9.070080 2.053376 7.876624 9.817496 5.935748 ??? ??? ???
139_Dot_Probe_Block2 8.559978 7.221901 9.898053 7.388191 8.181954 6.594430 5.520895 6.377480 4.664312 6.477778 5.710257 7.245300 3.145000 3.957273 2.332729 3.144200 3.607973 2.680430 2.501191 2.103697 2.898684 -0.584504 -3.362431 2.193424 5.520895 6.377480 4.664312 7.388191 8.181954 6.594430 8.559978 7.221901 9.898053 6.477778 5.710257 7.245300 10.998781 12.516806 9.480761 10.030753 11.317102 8.744412 10.998781 12.516806 9.480761 ??? ??? ???
141_Dot_Probe_Block2 2.837825 2.237362 3.438289 2.540217 3.183849 1.875821 11.959746 12.854557 11.064941 10.648084 12.221597 9.023814 -4.888605 -6.272872 -3.504328 -5.702419 -3.064385 -8.425559 0.229725 0.569481 -0.110031 -0.140287 -2.687457 2.489050 11.959746 12.854557 11.064941 2.540217 3.183849 1.875821 2.837825 2.237362 3.438289 10.648084 12.221597 9.023814 3.599477 3.733768 3.465186 3.826555 1.858988 5.857588 3.599477 3.733768 3.465186 ??? ??? ???
142_Dot_Probe_Block2 3.072368 3.691943 2.452794 3.468201 3.506459 3.429944 2.042094 2.180678 1.903508 0.322181 0.094407 0.549955 -1.852134 -0.480685 -3.223583 -2.099129 -0.242683 -3.955578 -0.187874 -1.349329 0.973582 1.928504 2.940333 0.916677 2.042094 2.180678 1.903508 3.468201 3.506459 3.429944 3.072368 3.691943 2.452794 0.322181 0.094407 0.549955 3.004394 3.615893 2.392895 3.276746 3.601087 2.952406 3.004394 3.615893 2.392895 ??? ??? ???
143_Dot_Probe_Block2 4.488481 4.657232 4.319729 3.872189 3.337987 4.406392 7.520858 7.253980 7.787734 6.926311 5.590276 8.262352 1.475790 1.633898 1.317670 0.553386 -1.372668 2.479432 0.994501 1.861678 0.127324 -1.174025 -3.054559 0.706506 7.520858 7.253980 7.787734 3.872189 3.337987 4.406392 4.488481 4.657232 4.319729 6.926311 5.590276 8.262352 9.180519 9.807412 8.553628 6.750314 5.605105 7.895526 9.180519 9.807412 8.553628 ??? ??? ???
144_Dot_Probe_Block2 4.938294 5.041805 4.834785 4.511183 4.961935 4.060430 6.024667 6.357835 5.691501 3.150373 4.349445 1.951301 -1.517446 -1.941113 -1.093794 -0.136164 1.932798 -2.205124 0.008604 -0.588604 0.605814 2.148777 2.933178 1.364377 6.024667 6.357835 5.691501 4.511183 4.961935 4.060430 4.938294 5.041805 4.834785 3.150373 4.349445 1.951301 7.408139 6.960655 7.855617 5.504546 6.328881 4.680210 7.408139 6.960655 7.855617 ??? ??? ???
145_Dot_Probe_Block2 0.959842 0.868900 1.053116 2.053299 2.065768 2.040829 4.079683 3.733801 4.434431 3.806562 3.854058 3.759069 -0.354452 -1.341753 0.658165 1.901949 2.405420 1.398477 -1.033764 -0.405994 -1.677629 -0.199246 -0.513983 0.115491 4.079683 3.733801 4.434431 2.053299 2.065768 2.040829 0.959842 0.868900 1.053116 3.806562 3.854058 3.759069 2.226461 2.071849 2.385038 2.533187 1.762891 3.303483 2.226461 2.071849 2.385038 ??? ??? ???
150_Dot_Probe_Block2 3.687531 3.309295 4.065767 4.340898 4.485527 4.183118 4.704828 5.063394 4.346263 3.965462 3.534817 4.435255 -0.380208 -0.840731 0.080313 2.391117 3.883325 0.763251 -1.434349 -1.389126 -1.479572 0.823072 0.827708 0.818014 4.704828 5.063394 4.346263 4.340898 4.485527 4.183118 3.687531 3.309295 4.065767 3.965462 3.534817 4.435255 4.505953 3.553719 5.458186 4.862805 4.727124 5.010821 4.505953 3.553719 5.458186 ??? ??? ???
151_Dot_Probe_Block2 2.912233 2.587152 3.252093 3.280951 3.008677 3.553224 6.345433 6.154433 6.545116 5.902533 6.791969 5.013100 0.033216 1.814200 -1.828723 2.147651 1.430801 2.864501 -0.887787 1.123015 -2.989988 0.949314 1.215613 0.683013 6.345433 6.154433 6.545116 3.280951 3.008677 3.553224 2.912233 2.587152 3.252093 5.902533 6.791969 5.013100 6.087627 5.342952 6.866153 5.863749 5.883493 5.844005 6.087627 5.342952 6.866153 ??? ??? ???
152_Dot_Probe_Block2 0.823545 0.791215 0.855875 2.493733 2.916533 2.059506 3.426259 3.521683 3.330837 2.310033 2.221019 2.401453 -0.628258 -1.733925 0.477406 1.201685 1.889145 0.495635 0.105009 -1.357003 1.567020 0.897320 1.885394 -0.117457 3.426259 3.521683 3.330837 2.493733 2.916533 2.059506 0.823545 0.791215 0.855875 2.310033 2.221019 2.401453 1.778472 1.605847 1.951098 2.867270 3.184575 2.541389 1.778472 1.605847 1.951098 ??? ??? ???
153_Dot_Probe_Block2 5.198210 5.116807 5.279614 3.740789 2.532519 5.251125 2.006989 3.131355 0.882623 2.597745 1.764771 3.638958 -10.419825 -12.343268 -8.496354 -3.350659 -1.567779 -5.579254 -0.879676 -3.315567 1.556221 -0.193533 1.712897 -2.576574 2.006989 3.131355 0.882623 3.740789 2.532519 5.251125 5.198210 5.116807 5.279614 2.597745 1.764771 3.638958 5.471422 5.356143 5.586702 3.747402 1.795385 6.187424 5.471422 5.356143 5.586702 ??? ??? ???
155_Dot_Probe_Block2 0.902063 -0.350655 2.154785 5.953381 6.650889 5.230961 6.994227 8.458673 5.529780 6.058790 6.270885 5.839123 2.753292 2.671920 2.834660 3.472167 5.372274 1.504202 2.286617 1.698351 2.874881 -0.165588 -0.176737 -0.154040 6.994227 8.458673 5.529780 5.953381 6.650889 5.230961 0.902063 -0.350655 2.154785 6.058790 6.270885 5.839123 2.176150 1.482702 2.869601 8.215686 8.570514 7.848183 2.176150 1.482702 2.869601 ??? ??? ???
156_Dot_Probe_Block2 2.487468 2.985109 1.969098 2.503300 2.653555 2.346782 4.803405 4.677969 4.934071 4.727395 6.070604 3.328222 -3.855203 -4.931772 -2.733755 -1.423193 2.158791 -5.154440 2.471131 2.261529 2.689463 0.100431 -1.901119 2.185384 4.803405 4.677969 4.934071 2.503300 2.653555 2.346782 2.487468 2.985109 1.969098 4.727395 6.070604 3.328222 3.394003 3.872752 2.895304 3.545592 4.088392 2.980177 3.394003 3.872752 2.895304 ??? ??? ???
158_Dot_Probe_Block2 0.089778 -0.404566 0.602430 1.293568 1.694129 0.893007 2.893032 2.538457 3.260737 1.738518 0.473327 3.003709 -6.692515 -6.226551 -7.175735 -7.348021 -8.192801 -6.503244 2.448632 2.069922 2.841368 1.980045 4.584534 -0.624440 2.893032 2.538457 3.260737 1.293568 1.694129 0.893007 0.089778 -0.404566 0.602430 1.738518 0.473327 3.003709 1.665138 1.343757 1.998421 2.615702 2.009798 3.221605 1.665138 1.343757 1.998421 ??? ??? ???
159_Dot_Probe_Block2 1.475465 1.306335 1.644595 2.202764 2.235880 2.168420 3.225386 3.216393 3.234377 3.476182 4.061671 2.869009 -5.122016 -4.494587 -5.749435 0.751176 1.850072 -0.388423 -0.681771 -1.410388 0.046846 0.369439 0.645886 0.082754 3.225386 3.216393 3.234377 2.202764 2.235880 2.168420 1.475465 1.306335 1.644595 3.476182 4.061671 2.869009 3.475151 3.438745 3.511559 3.454841 4.180305 2.702509 3.475151 3.438745 3.511559 ??? ??? ???
165_Dot_Probe_Block2 1.757115 1.198577 2.315653 0.470338 1.520142 -0.645078 -0.214429 0.781029 -1.209886 -1.654826 -1.883638 -1.411714 2.457376 0.541516 4.373233 -0.041980 0.597061 -0.720965 -4.712484 -5.079524 -4.345466 -0.561652 -0.230044 -0.913986 -0.214429 0.781029 -1.209886 0.470338 1.520142 -0.645078 1.757115 1.198577 2.315653 -1.654826 -1.883638 -1.411714 0.860086 0.080512 1.639661 -0.364834 0.462855 -1.244253 0.860086 0.080512 1.639661 ??? ??? ???
166_Dot_Probe_Block2 -0.351793 -0.903287 0.199701 0.534789 0.129604 0.939975 2.083751 2.359475 1.808026 1.947245 1.374172 2.520319 -2.082164 -1.066739 -3.097568 -4.313437 -2.190798 -6.436081 0.029873 0.664570 -0.604824 0.802270 -0.245703 1.850242 2.083751 2.359475 1.808026 0.534789 0.129604 0.939975 -0.351793 -0.903287 0.199701 1.947245 1.374172 2.520319 -0.144217 -1.235130 0.946695 -0.096981 -1.013522 0.819560 -0.144217 -1.235130 0.946695 ??? ??? ???
169_Dot_Probe_Block2 3.067636 3.773112 2.307893 3.949765 3.864166 4.035362 2.456578 2.189645 2.744044 2.423358 1.676379 3.170338 -7.440297 -5.076437 -9.986032 -13.695149 -11.615884 -15.774423 -0.335024 -0.089820 -0.599096 -0.513340 -1.687354 0.660671 2.456578 2.189645 2.744044 3.949765 3.864166 4.035362 3.067636 3.773112 2.307893 2.423358 1.676379 3.170338 6.877285 8.053827 5.610234 6.392529 5.865847 6.919215 6.877285 8.053827 5.610234 ??? ??? ???
174_Dot_Probe_Block2 5.342628 4.230176 6.485143 6.805402 6.082599 7.528205 4.451272 3.882196 5.035729 4.926912 4.342391 5.511433 -1.679644 -1.796040 -1.560108 -1.750906 -1.773958 -1.727872 0.542227 1.851845 -0.802786 0.170716 -0.254260 0.595692 4.451272 3.882196 5.035729 6.805402 6.082599 7.528205 5.342628 4.230176 6.485143 4.926912 4.342391 5.511433 29.182682 42.061172 15.956127 -17.823290 0.738614 -36.385185 29.182682 42.061172 15.956127 ??? ??? ???
198_Dot_Probe_Block2 1.122312 1.365626 0.878998 2.837928 2.767149 2.908708 5.744755 6.766065 4.723444 5.595582 4.437099 6.754060 -6.435992 -6.661965 -6.209977 -3.282886 -2.566476 -3.999292 -1.091656 -1.121446 -1.061868 -0.208955 -1.192854 0.774943 5.744755 6.766065 4.723444 2.837928 2.767149 2.908708 1.122312 1.365626 0.878998 5.595582 4.437099 6.754060 2.938069 3.992370 1.883768 5.026695 5.576971 4.476419 2.938069 3.992370 1.883768 ??? ??? ???
199_Dot_Probe_Block2 1.582149 0.987180 2.204163 0.467973 0.568469 0.363290 0.355979 0.605496 0.095121 -0.888080 -1.326396 -0.431501 -4.032004 -2.421632 -5.715587 -3.461178 -2.367931 -4.599973 0.501531 0.313134 0.698491 0.879434 0.983084 0.771466 0.355979 0.605496 0.095121 0.467973 0.568469 0.363290 1.582149 0.987180 2.204163 -0.888080 -1.326396 -0.431501 3.300234 2.781762 3.842274 0.632686 -0.764217 2.087795 3.300234 2.781762 3.842274 ??? ??? ???
213_Dot_Probe_Block2 1.654889 2.900614 0.346878 0.954737 0.807606 1.101868 5.399219 4.538823 6.302629 3.816531 3.906887 3.726178 -10.144381 -8.817327 -11.537797 -11.385958 -12.676028 -10.095866 -2.115920 -1.587891 -2.670352 -0.265158 1.977514 -2.507833 5.399219 4.538823 6.302629 0.954737 0.807606 1.101868 1.654889 2.900614 0.346878 3.816531 3.906887 3.726178 3.264535 4.931159 1.514579 1.938318 1.493455 2.383182 3.264535 4.931159 1.514579 ??? ??? ???
214_Dot_Probe_Block2 3.161683 3.264606 3.058761 3.348012 2.858170 3.851461 3.652136 3.680270 3.624000 3.624870 3.868041 3.374944 -4.793666 -6.414791 -3.172535 -3.825144 -3.292795 -4.372289 0.488992 -0.025854 1.003838 -0.508982 -1.545577 0.556407 3.652136 3.680270 3.624000 3.348012 2.858170 3.851461 3.161683 3.264606 3.058761 3.624870 3.868041 3.374944 4.017015 4.310476 3.723550 4.116548 3.825520 4.415657 4.017015 4.310476 3.723550 ??? ??? ???
215_Dot_Probe_Block2 3.267151 4.150290 2.384012 3.013159 2.796905 3.229416 10.425910 10.443295 10.408520 11.110597 11.065826 11.155368 -1.373958 -0.991218 -1.756727 -3.607789 -4.053122 -3.162440 -0.055186 -0.028028 -0.082343 0.356329 0.985340 -0.272682 10.425910 10.443295 10.408520 3.013159 2.796905 3.229416 3.267151 4.150290 2.384012 11.110597 11.065826 11.155368 5.003490 6.186269 3.820711 4.658196 4.743917 4.572478 5.003490 6.186269 3.820711 ??? ??? ???
217_Dot_Probe_Block2 4.134516 4.638682 3.630351 5.221726 4.445394 6.019040 5.503702 5.895257 5.112148 4.889806 5.356035 4.410975 -0.405936 -0.317670 -0.494208 0.307466 1.240213 -0.650489 -0.017748 0.259624 -0.295118 0.943802 1.264503 0.614434 5.503702 5.895257 5.112148 5.221726 4.445394 6.019040 4.134516 4.638682 3.630351 4.889806 5.356035 4.410975 11.483024 12.505011 10.461036 12.126403 11.650579 12.615085 11.483024 12.505011 10.461036 ??? ??? ???
218_Dot_Probe_Block2 -1.593541 -2.534228 -0.627430 -0.837109 -0.866957 -0.807261 12.173744 12.059267 12.291311 11.203262 10.747569 11.658951 -1.904705 -1.046089 -2.786532 -0.547432 -0.805923 -0.288940 -2.152103 -2.031856 -2.275599 -2.254112 -1.938592 -2.569631 12.173744 12.059267 12.291311 -0.837109 -0.866957 -0.807261 -1.593541 -2.534228 -0.627430 11.203262 10.747569 11.658951 -1.613891 -2.925298 -0.267040 -1.098480 -1.436816 -0.760142 -1.613891 -2.925298 -0.267040 ??? ??? ???
221_Dot_Probe_Block2 3.348906 3.342479 3.355333 5.459550 6.047691 4.855935 11.046228 11.095622 10.996836 10.632381 10.379215 10.892208 -1.305188 0.343123 -2.953494 0.823825 0.840776 0.806432 -0.985858 0.289725 -2.261440 -0.299616 -1.752401 1.191400 11.046228 11.095622 10.996836 5.459550 6.047691 4.855935 3.348906 3.342479 3.355333 10.632381 10.379215 10.892208 6.066435 6.305256 5.827616 7.208745 7.502618 6.907139 6.066435 6.305256 5.827616 ??? ??? ???
222_Dot_Probe_Block2 4.120905 3.800004 4.441806 6.233557 6.694919 5.753744 8.243784 7.938557 8.549011 8.848001 8.222043 9.498991 -5.248991 -7.648992 -2.848984 -2.820836 -0.437123 -5.299887 -0.554780 -1.176581 0.067020 -0.790656 -0.265392 -1.336931 8.243784 7.938557 8.549011 6.233557 6.694919 5.753744 4.120905 3.800004 4.441806 8.848001 8.222043 9.498991 4.604352 4.525882 4.682824 6.844545 7.012229 6.670155 4.604352 4.525882 4.682824 ??? ??? ???
223_Dot_Probe_Block2 0.986344 2.249712 -0.277024 2.193740 1.940267 2.447214 0.839558 0.625478 1.053637 1.117146 0.026792 2.207501 -3.578640 -3.592489 -3.564790 -1.422360 -0.887598 -1.957125 -3.360010 -3.585588 -3.134434 -1.953377 -2.240799 -1.665950 0.839558 0.625478 1.053637 2.193740 1.940267 2.447214 0.986344 2.249712 -0.277024 1.117146 0.026792 2.207501 0.972606 2.271718 -0.326506 2.273129 1.961039 2.585219 0.972606 2.271718 -0.326506 ??? ??? ???
224_Dot_Probe_Block2 1.711709 2.631044 0.792375 2.812979 2.942358 2.683599 4.037994 3.878184 4.197805 3.321212 3.263943 3.378484 -0.871449 -0.993577 -0.749313 -0.607927 -0.349403 -0.866450 0.013839 0.665383 -0.637705 -0.190742 -0.909146 0.527663 4.037994 3.878184 4.197805 2.812979 2.942358 2.683599 1.711709 2.631044 0.792375 3.321212 3.263943 3.378484 5.920301 6.277493 5.563106 5.988643 6.306598 5.670687 5.920301 6.277493 5.563106 ??? ??? ???
225_Dot_Probe_Block2 7.140967 6.305062 7.976878 9.672549 8.410334 10.934769 5.871976 6.772941 4.971005 2.880593 1.905000 3.856188 0.110692 0.868557 -0.647171 0.770902 0.724190 0.817621 2.557655 1.737142 3.378172 4.109998 3.436166 4.783825 5.871976 6.772941 4.971005 9.672549 8.410334 10.934769 7.140967 6.305062 7.976878 2.880593 1.905000 3.856188 12.216054 11.865699 12.566409 15.605596 13.654184 17.557005 12.216054 11.865699 12.566409 ??? ??? ???
226_Dot_Probe_Block2 0.241210 -0.064004 0.555145 0.167935 -0.447048 0.800487 2.896527 3.462813 2.314059 2.394532 1.891411 2.912032 -2.772648 -2.550105 -3.001551 -3.539104 -3.273040 -3.812759 -0.419851 -0.385535 -0.455146 0.745476 0.972424 0.512044 2.896527 3.462813 2.314059 0.167935 -0.447048 0.800487 0.241210 -0.064004 0.555145 2.394532 1.891411 2.912032 4.219766 4.069214 4.374616 4.191440 3.998260 4.390138 4.219766 4.069214 4.374616 ??? ??? ???
227_Dot_Probe_Block2 1.088894 1.246971 0.926025 0.962910 0.865682 1.060138 4.226612 4.680303 3.759174 3.878950 4.269355 3.488545 0.456321 1.817140 -0.945732 -1.052811 -1.262249 -0.843389 -0.442078 1.245706 -2.181008 0.563128 1.859938 -0.733683 4.226612 4.680303 3.759174 0.962910 0.865682 1.060138 1.088894 1.246971 0.926025 3.878950 4.269355 3.488545 3.429715 3.638298 3.214813 3.624897 2.895812 4.353979 3.429715 3.638298 3.214813 ??? ??? ???
228_Dot_Probe_Block2 0.666710 0.811140 0.522279 2.167338 1.488593 2.846082 1.486141 2.486810 0.485471 1.711651 1.818791 1.604512 1.051019 -0.795241 2.897282 -1.168178 0.347576 -2.683933 -1.615856 -1.309891 -1.921820 -2.008572 -2.983771 -1.033371 1.486141 2.486810 0.485471 2.167338 1.488593 2.846082 0.666710 0.811140 0.522279 1.711651 1.818791 1.604512 2.413025 3.007292 1.818759 3.868565 3.191802 4.545329 2.413025 3.007292 1.818759 ??? ??? ???
229_Dot_Probe_Block2 4.128253 4.490649 3.756066 3.935638 3.160861 4.730281 2.546283 2.105364 2.999119 3.169151 2.601724 3.751127 3.986645 3.454816 4.532853 3.798580 2.267746 5.368666 -0.585981 -0.463520 -0.711751 -0.963976 -0.360849 -1.582568 2.546283 2.105364 2.999119 3.935638 3.160861 4.730281 4.128253 4.490649 3.756066 3.169151 2.601724 3.751127 5.431277 5.601967 5.255970 5.610686 4.963088 6.274889 5.431277 5.601967 5.255970 ??? ??? ???
230_Dot_Probe_Block2 1.442415 0.474613 2.410216 1.875346 1.883947 1.866747 5.943089 5.293348 6.592826 4.621869 4.156855 5.086883 0.294907 -0.779130 1.368947 0.007914 2.086483 -2.070659 -0.776933 -0.316468 -1.237392 0.880745 1.587958 0.173534 5.943089 5.293348 6.592826 1.875346 1.883947 1.866747 1.442415 0.474613 2.410216 4.621869 4.156855 5.086883 3.627629 1.898364 5.356893 3.356247 2.655242 4.057251 3.627629 1.898364 5.356893 ??? ??? ???
231_Dot_Probe_Block2 1.083180 1.753790 0.412570 0.605499 0.562339 0.649965 3.808545 3.995010 3.622078 3.663607 3.042315 4.303726 -6.882105 -6.250151 -7.514042 -7.010257 -8.404105 -5.574192 -0.051448 0.377256 -0.480151 0.314315 0.775387 -0.160730 3.808545 3.995010 3.622078 0.605499 0.562339 0.649965 1.083180 1.753790 0.412570 3.663607 3.042315 4.303726 4.114640 4.290339 3.938943 2.175440 2.755738 1.577557 4.114640 4.290339 3.938943 ??? ??? ???
233_Dot_Probe_Block2 1.458046 0.964876 1.951216 2.525563 2.300937 2.756100 1.646547 1.741572 1.551521 0.906104 0.837592 0.976418 -8.368155 -9.719770 -7.016545 -8.928063 -10.214664 -7.607615 -0.191769 -0.325763 -0.057776 0.884592 1.198476 0.562449 1.646547 1.741572 1.551521 2.525563 2.300937 2.756100 1.458046 0.964876 1.951216 0.906104 0.837592 0.976418 4.075321 4.027552 4.123090 5.449105 5.547510 5.348113 4.075321 4.027552 4.123090 ??? ??? ???
234_Dot_Probe_Block2 4.624089 4.699095 4.546497 5.005388 5.299007 4.703134 5.858974 5.204012 6.536516 6.212864 6.862107 5.544521 0.478315 0.916448 0.025077 -0.490817 -2.112319 1.178393 3.198590 5.686986 0.624391 4.720495 6.235879 3.160524 5.858974 5.204012 6.536516 5.005388 5.299007 4.703134 4.624089 4.699095 4.546497 6.212864 6.862107 5.544521 6.044474 5.774418 6.323842 6.041083 6.136972 5.942373 6.044474 5.774418 6.323842 ??? ??? ???
235_Dot_Probe_Block2 3.353762 3.527474 3.170907 3.809218 3.820795 3.797034 3.005921 3.078306 2.929724 3.376902 4.003560 2.717261 -10.662884 -13.449332 -7.729781 -13.076050 -11.871457 -14.344028 -0.388943 0.672373 -1.506117 2.873075 3.597026 2.111028 3.005921 3.078306 2.929724 3.809218 3.820795 3.797034 3.353762 3.527474 3.170907 3.376902 4.003560 2.717261 6.403996 6.546025 6.254489 6.935244 7.750233 6.077357 6.403996 6.546025 6.254489 ??? ??? ???
237_Dot_Probe_Block2 5.552383 6.220809 4.865894 6.457432 6.532136 6.382725 4.061325 4.479880 3.631456 3.753627 3.197482 4.309774 -2.364363 -1.309645 -3.447594 -2.510357 -2.567504 -2.453195 -0.853105 -0.035387 -1.692921 0.363118 1.448958 -0.722722 4.061325 4.479880 3.631456 6.457432 6.532136 6.382725 5.552383 6.220809 4.865894 3.753627 3.197482 4.309774 8.321436 9.025913 7.597923 9.252845 9.536678 8.969011 8.321436 9.025913 7.597923 ??? ??? ???
239_Dot_Probe_Block2 5.867179 6.421786 5.295238 4.705419 4.128416 5.302320 5.201659 5.249629 5.152194 4.824327 3.463949 6.231617 0.234188 -1.381435 1.900300 0.159807 -0.489487 0.831493 1.577647 1.457909 1.701129 0.243917 0.858026 -0.391371 5.201659 5.249629 5.152194 4.705419 4.128416 5.302320 5.867179 6.421786 5.295238 4.824327 3.463949 6.231617 6.599710 7.062599 6.122355 5.539907 5.145642 5.947766 6.599710 7.062599 6.122355 ??? ??? ???
240_Dot_Probe_Block2 2.455078 2.089215 2.820941 3.730434 3.613018 3.851204 5.002337 4.329982 5.674696 5.351229 4.934591 5.779768 2.580300 2.601989 2.558612 1.183139 1.669919 0.682445 -1.094925 -0.700665 -1.489184 -0.414854 -0.439718 -0.389280 5.002337 4.329982 5.674696 3.730434 3.613018 3.851204 2.455078 2.089215 2.820941 5.351229 4.934591 5.779768 4.322940 3.615008 5.030871 5.825406 5.862401 5.787355 4.322940 3.615008 5.030871 ??? ??? ???
241_Dot_Probe_Block2 -0.931352 -0.819930 -1.042775 0.431277 0.807024 0.045642 0.825088 1.071542 0.578634 0.503536 1.162468 -0.172737 -1.859398 -2.816382 -0.902409 -1.124845 0.211599 -2.496461 -0.740205 -0.656005 -0.824405 -0.116178 0.179382 -0.419515 0.825088 1.071542 0.578634 0.431277 0.807024 0.045642 -0.931352 -0.819930 -1.042775 0.503536 1.162468 -0.172737 0.600183 0.601657 0.598708 1.859110 2.727719 0.967641 0.600183 0.601657 0.598708 ??? ??? ???
242_Dot_Probe_Block2 1.543570 1.946918 1.127999 0.520699 0.676052 0.360168 12.262527 12.648874 11.864468 10.852865 10.773463 10.934912 1.323484 1.589106 1.049818 0.420196 1.817529 -1.023715 -0.122966 1.690700 -1.991593 -0.922626 0.075933 -1.954471 12.262527 12.648874 11.864468 0.520699 0.676052 0.360168 1.543570 1.946918 1.127999 10.852865 10.773463 10.934912 5.573555 5.746122 5.395756 3.921566 4.007585 3.832678 5.573555 5.746122 5.395756 ??? ??? ???
243_Dot_Probe_Block2 6.390081 6.866887 5.913271 6.382600 6.504222 6.256299 6.794595 6.710843 6.878347 6.168057 6.444217 5.881274 0.921610 -0.485978 2.329187 -0.148619 -1.187369 0.930074 -0.053248 0.866029 -0.972525 0.175619 -0.537706 0.916379 6.794595 6.710843 6.878347 6.382600 6.504222 6.256299 6.390081 6.866887 5.913271 6.168057 6.444217 5.881274 8.341700 8.764566 7.918833 8.112743 8.579210 7.628338 8.341700 8.764566 7.918833 ??? ??? ???
244_Dot_Probe_Block2 1.075564 0.351199 1.799931 0.944368 -0.164558 2.089066 1.301311 1.652995 0.949629 2.825780 2.672074 2.984445 -1.410773 -1.143324 -1.678226 0.945142 0.322053 1.588324 -2.422436 -1.586265 -3.258607 -2.648183 -2.257205 -3.051772 1.301311 1.652995 0.949629 0.944368 -0.164558 2.089066 1.075564 0.351199 1.799931 2.825780 2.672074 2.984445 2.433631 1.961401 2.905862 2.178363 1.125525 3.265164 2.433631 1.961401 2.905862 ??? ??? ???
245_Dot_Probe_Block2 1.305073 2.161429 0.448716 0.919126 0.741053 1.097202 5.999664 5.611492 6.387834 6.527026 6.736035 6.318021 -0.869568 -0.389832 -1.349305 -0.945954 -1.177094 -0.714812 -1.204468 -1.082541 -1.326396 -1.950378 -2.168231 -1.732526 5.999664 5.611492 6.387834 0.919126 0.741053 1.097202 1.305073 2.161429 0.448716 6.527026 6.736035 6.318021 3.227568 3.793275 2.661862 3.060805 3.084687 3.036924 3.227568 3.793275 2.661862 ??? ??? ???
247_Dot_Probe_Block2 5.717325 5.132614 6.302037 6.668556 6.696615 6.636988 10.080142 8.313105 11.847182 8.324199 7.286866 9.491201 2.554850 1.883028 3.226680 5.839335 3.497700 8.473681 3.249199 3.327773 3.170626 0.753039 0.636832 0.883772 10.080142 8.313105 11.847182 6.668556 6.696615 6.636988 5.717325 5.132614 6.302037 8.324199 7.286866 9.491201 6.678505 5.152189 8.204815 9.599550 9.835523 9.334083 6.678505 5.152189 8.204815 ??? ??? ???
248_Dot_Probe_Block2 3.184846 2.834237 3.545194 2.649803 1.703932 3.623492 2.901391 2.726185 3.081463 2.878255 2.517784 3.249325 -0.433130 -1.567654 0.732909 -1.657339 -2.189502 -1.109522 0.376076 -0.571739 1.350219 -0.446394 -0.290704 -0.606665 2.901391 2.726185 3.081463 2.649803 1.703932 3.623492 3.184846 2.834237 3.545194 2.878255 2.517784 3.249325 6.741007 6.218180 7.278357 7.033881 5.654889 8.453432 6.741007 6.218180 7.278357 ??? ??? ???
249_Dot_Probe_Block2 3.136837 3.551363 2.722312 2.190981 0.156395 4.225549 5.877254 5.289235 6.465275 6.269241 6.286315 6.252167 -7.157531 -6.863065 -7.451998 -9.578024 -6.092912 -13.063135 -0.384258 -1.052616 0.284103 -2.384899 -2.978712 -1.791085 5.877254 5.289235 6.465275 2.190981 0.156395 4.225549 3.136837 3.551363 2.722312 6.269241 6.286315 6.252167 3.393365 2.836038 3.950692 2.639211 2.193506 3.084916 3.393365 2.836038 3.950692 ??? ??? ???
251_Dot_Probe_Block2 2.279943 1.932925 2.626959 2.866491 2.192115 3.540867 4.713331 4.836633 4.590030 3.319094 3.211836 3.426354 -1.134752 -1.278037 -0.991472 -0.687378 -0.661339 -0.713418 -0.064300 -0.487432 0.358829 1.707470 1.917826 1.497111 4.713331 4.836633 4.590030 2.866491 2.192115 3.540867 2.279943 1.932925 2.626959 3.319094 3.211836 3.426354 3.751137 3.351418 4.150859 3.881686 3.264660 4.498712 3.751137 3.351418 4.150859 ??? ??? ???
252_Dot_Probe_Block2 -1.399934 -1.616555 -1.183314 -0.787234 -0.933418 -0.636178 1.509223 2.309330 0.709116 1.651358 1.372806 1.939195 1.651758 1.571796 1.731717 0.851333 -1.430923 3.209667 0.002768 -1.535068 1.540604 -0.994586 -1.269370 -0.710644 1.509223 2.309330 0.709116 -0.787234 -0.933418 -0.636178 -1.399934 -1.616555 -1.183314 1.651358 1.372806 1.939195 -0.366064 -0.256889 -0.475239 -0.236611 -0.664145 0.205174 -0.366064 -0.256889 -0.475239 ??? ??? ???
255_Dot_Probe_Block2 4.429922 5.090027 3.752892 3.836952 4.600304 3.073599 3.529757 3.833488 3.218238 3.719293 4.124784 3.313802 -1.768052 0.023307 -3.605346 -1.483646 -1.164137 -1.803143 -0.811879 0.094628 -1.741629 -1.856348 -1.625170 -2.087528 3.529757 3.833488 3.218238 3.836952 4.600304 3.073599 4.429922 5.090027 3.752892 3.719293 4.124784 3.313802 6.277055 7.218764 5.311201 5.453091 6.132685 4.773494 6.277055 7.218764 5.311201 ??? ??? ???
256_Dot_Probe_Block2 5.314457 5.513017 5.110805 5.307051 5.995510 4.618593 7.501069 6.932901 8.083799 6.738404 7.161356 6.315450 1.945190 2.354912 1.524964 2.564721 2.771529 2.357918 1.116617 1.322866 0.905079 1.542174 2.574712 0.509636 7.501069 6.932901 8.083799 5.307051 5.995510 4.618593 5.314457 5.513017 5.110805 6.738404 7.161356 6.315450 8.088455 8.276357 7.895733 6.996396 7.654619 6.338175 8.088455 8.276357 7.895733 ??? ??? ???
257_Dot_Probe_Block2 0.960399 0.471505 1.938189 12.991471 14.269507 10.435407 6.190239 3.875802 10.819117 4.953477 0.982846 12.894785 -1.193719 -8.677776 13.774403 -0.704944 -2.285920 2.457020 -11.950189 -13.350851 -9.148868 5.754980 1.267326 14.730293 6.190239 3.875802 10.819117 12.991471 14.269507 10.435407 0.960399 0.471505 1.938189 4.953477 0.982846 12.894785 7.639380 6.416034 10.086073 20.565645 20.136213 21.424431 7.639380 6.416034 10.086073 ??? ??? ???
263_Dot_Probe_Block2 4.027427 4.514472 3.517187 4.868845 4.886596 4.850290 1.462026 4.295615 -1.506495 1.637262 1.586274 1.690568 -4.106019 -2.425903 -5.866143 -3.442693 -5.127067 -1.681757 -2.655014 -3.621176 -1.642844 -1.448526 -1.724758 -1.159734 1.462026 4.295615 -1.506495 4.868845 4.886596 4.850290 4.027427 4.514472 3.517187 1.637262 1.586274 1.690568 9.314267 9.797042 8.808499 9.032160 9.610021 8.428034 9.314267 9.797042 8.808499 ??? ??? ???
264_Dot_Probe_Block2 1.850350 1.127504 2.573195 1.768579 2.316193 1.197157 3.497047 4.275173 2.718922 3.623041 3.497119 3.754438 -0.890860 -3.544721 1.763001 -5.036031 -4.624772 -5.465178 -2.063949 -1.901960 -2.225934 0.706902 0.848812 0.558823 3.497047 4.275173 2.718922 1.768579 2.316193 1.197157 1.850350 1.127504 2.573195 3.623041 3.497119 3.754438 2.566767 2.136955 2.996579 3.183755 3.310870 3.051112 2.566767 2.136955 2.996579 ??? ??? ???
266_Dot_Probe_Block2 1.827673 1.442396 2.212950 2.568342 1.695027 3.468948 7.082857 6.619638 7.546078 7.139107 6.498168 7.800075 0.459758 0.649555 0.269961 1.277268 0.264740 2.321437 -1.961787 -1.361789 -2.561784 -1.027014 -1.634879 -0.400153 7.082857 6.619638 7.546078 2.568342 1.695027 3.468948 1.827673 1.442396 2.212950 7.139107 6.498168 7.800075 3.801415 3.717211 3.885619 4.605758 3.908546 5.324755 3.801415 3.717211 3.885619 ??? ??? ???
267_Dot_Probe_Block2 6.419116 5.958555 6.879676 6.112440 5.710341 6.526024 6.784470 6.543519 7.025420 5.718725 5.385085 6.061897 -3.418383 -4.909657 -1.927114 -5.104426 -5.033724 -5.177152 -0.489411 0.015312 -0.994139 -1.223189 -1.225003 -1.221324 6.784470 6.543519 7.025420 6.112440 5.710341 6.526024 6.419116 5.958555 6.879676 5.718725 5.385085 6.061897 8.562388 7.783043 9.341738 8.457944 8.091877 8.834472 8.562388 7.783043 9.341738 ??? ??? ???
269_Dot_Probe_Block2 -0.073579 -0.549867 0.402710 0.828101 0.505848 1.150353 -0.557490 -0.415881 -0.699099 -2.191539 -2.107206 -2.275870 -3.494288 -3.028396 -3.960181 -2.597846 -2.766951 -2.428741 0.605747 0.262989 0.948504 0.924361 0.776731 1.071992 -0.557490 -0.415881 -0.699099 0.828101 0.505848 1.150353 -0.073579 -0.549867 0.402710 -2.191539 -2.107206 -2.275870 2.374303 1.650061 3.098543 2.922793 2.507221 3.338364 2.374303 1.650061 3.098543 ??? ??? ???
271_Dot_Probe_Block2 6.460607 7.279846 5.436556 0.201685 -2.573854 2.977221 11.255628 15.091346 6.460978 4.509688 6.736672 2.282704 0.245394 3.503029 -3.826649 -1.799369 -5.401391 1.802651 -5.774613 -6.741936 -4.565454 -4.930477 -8.901751 -0.959197 11.255628 15.091346 6.460978 0.201685 -2.573854 2.977221 6.460607 7.279846 5.436556 4.509688 6.736672 2.282704 7.645671 10.925693 3.545649 1.045789 0.646735 1.444848 7.645671 10.925693 3.545649 ??? ??? ???
272_Dot_Probe_Block2 0.802492 0.000757 1.625325 0.912117 1.434390 0.389844 1.036925 1.363733 0.701516 0.277836 -0.060342 0.616013 -1.095941 -1.645729 -0.531692 -0.721683 -0.736182 -0.707182 0.076183 -0.413244 0.578490 0.852986 0.193901 1.512071 1.036925 1.363733 0.701516 0.912117 1.434390 0.389844 0.802492 0.000757 1.625325 0.277836 -0.060342 0.616013 2.338671 1.646898 3.048650 2.814937 3.344231 2.285643 2.338671 1.646898 3.048650 ??? ??? ???
280_Dot_Probe_Block2 -3.010582 -2.725725 -3.295441 -2.237483 -2.226348 -2.248977 6.395068 7.821269 4.968864 5.513338 4.959311 6.085237 -3.596985 -3.560819 -3.633151 -4.098102 -5.307461 -2.849731 -0.219436 0.035463 -0.474334 -0.002087 2.847886 -2.943993 6.395068 7.821269 4.968864 -2.237483 -2.226348 -2.248977 -3.010582 -2.725725 -3.295441 5.513338 4.959311 6.085237 1.301298 1.931100 0.671496 2.543811 0.951725 4.187256 1.301298 1.931100 0.671496 ??? ??? ???
281_Dot_Probe_Block2 2.579050 2.288415 2.877335 2.917187 2.445963 3.388410 4.271244 4.282859 4.259321 2.829979 2.274800 3.385160 1.374266 1.565851 1.177641 -0.605523 -1.163120 -0.047925 -0.351791 -1.278600 0.599409 -1.056226 -1.608055 -0.504398 4.271244 4.282859 4.259321 2.917187 2.445963 3.388410 2.579050 2.288415 2.877335 2.829979 2.274800 3.385160 2.312572 1.803679 2.834857 2.519559 2.210610 2.828506 2.312572 1.803679 2.834857 ??? ??? ???
284_Dot_Probe_Block2 0.928207 0.498927 1.357486 0.794558 0.843923 0.745194 1.353281 1.109992 1.596568 0.755121 0.638367 0.871876 -5.855223 -6.030737 -5.679713 -4.762584 -5.355402 -4.169768 -3.094020 -3.780728 -2.407313 -0.489336 -0.670864 -0.307808 1.353281 1.109992 1.596568 0.794558 0.843923 0.745194 0.928207 0.498927 1.357486 0.755121 0.638367 0.871876 2.766958 2.396238 3.137677 2.656653 3.013447 2.299859 2.766958 2.396238 3.137677 ??? ??? ???
285_Dot_Probe_Block2 3.837442 4.127544 3.537982 5.217665 4.741527 5.693800 8.329779 9.316292 7.311435 7.670258 6.666389 8.674124 1.120505 0.051090 2.224416 2.319784 3.057885 1.581698 0.062405 0.257629 -0.139117 0.891257 1.430078 0.352435 8.329779 9.316292 7.311435 5.217665 4.741527 5.693800 3.837442 4.127544 3.537982 7.670258 6.666389 8.674124 6.502805 7.201603 5.781470 8.288856 6.973652 9.604059 6.502805 7.201603 5.781470 ??? ??? ???
290_Dot_Probe_Block2 0.981858 0.917626 1.046090 1.971869 2.121814 1.821924 2.701870 2.884200 2.519539 3.283556 3.309827 3.257283 -2.517153 -3.939720 -1.094583 -3.728722 -2.342141 -5.115310 -0.477797 0.381871 -1.337465 0.596896 -0.023715 1.217506 2.701870 2.884200 2.519539 1.971869 2.121814 1.821924 0.981858 0.917626 1.046090 3.283556 3.309827 3.257283 5.523592 6.356506 4.690677 8.547397 8.667766 8.427028 5.523592 6.356506 4.690677 ??? ??? ???
292_Dot_Probe_Block2 1.841609 1.573483 2.109735 2.210931 2.564100 1.857762 4.665371 4.634861 4.695882 4.542397 5.503784 3.581012 -5.985450 -3.454121 -8.516775 -5.200653 -4.147841 -6.253443 0.137269 0.091037 0.183504 -0.963870 -0.385389 -1.542352 4.665371 4.634861 4.695882 2.210931 2.564100 1.857762 1.841609 1.573483 2.109735 4.542397 5.503784 3.581012 3.212315 2.746371 3.678257 4.112789 4.680917 3.544662 3.212315 2.746371 3.678257 ??? ??? ???
294_Dot_Probe_Block2 4.551189 4.209071 4.906994 5.096011 6.303371 3.831158 8.291460 8.004489 8.589916 7.483816 8.036671 6.904632 2.288915 3.186198 1.355721 -2.987758 -2.702917 -3.286168 1.167155 0.602170 1.754739 0.759275 0.281437 1.259867 8.291460 8.004489 8.589916 5.096011 6.303371 3.831158 4.551189 4.209071 4.906994 7.483816 8.036671 6.904632 5.034795 4.784855 5.294736 5.782151 6.685822 4.835449 5.034795 4.784855 5.294736 ??? ??? ???
295_Dot_Probe_Block2 2.869978 2.983671 2.756287 3.589263 4.346909 2.831601 6.925753 6.879897 6.971607 6.618715 6.292979 6.944449 -2.976927 -3.247856 -2.705998 -4.345850 -5.321504 -3.370202 -3.636523 -3.738720 -3.534326 -2.039498 -2.237743 -1.841252 6.925753 6.879897 6.971607 3.589263 4.346909 2.831601 2.869978 2.983671 2.756287 6.618715 6.292979 6.944449 4.095558 4.052518 4.138599 5.086619 4.898581 5.274657 4.095558 4.052518 4.138599 ??? ??? ???
296_Dot_Probe_Block2 0.607097 0.744101 0.466581 -0.087775 0.166754 -0.349184 5.608927 6.099053 5.106235 5.129480 5.357581 4.895215 -3.260769 -3.267978 -3.253371 -0.771639 -1.052240 -0.483454 1.127349 1.012161 1.245490 1.935687 1.069160 2.825634 5.608927 6.099053 5.106235 -0.087775 0.166754 -0.349184 0.607097 0.744101 0.466581 5.129480 5.357581 4.895215 3.595932 4.336648 2.836224 4.772394 5.024433 4.513542 3.595932 4.336648 2.836224 ??? ??? ???
297_Dot_Probe_Block2 2.720575 3.204557 2.219904 3.104082 2.478141 3.730020 6.282516 5.851964 6.727914 4.501697 3.704172 5.299222 -0.153771 2.861961 -3.273488 -1.670887 -4.375702 1.033941 -1.875696 -1.370582 -2.398226 -0.916067 -0.320073 -1.512061 6.282516 5.851964 6.727914 3.104082 2.478141 3.730020 2.720575 3.204557 2.219904 4.501697 3.704172 5.299222 5.290588 5.340127 5.239341 6.089777 5.862688 6.316870 5.290588 5.340127 5.239341 ??? ??? ???
298_Dot_Probe_Block2 4.304684 5.016131 3.574008 3.336864 3.478389 3.195340 0.777207 1.675219 -0.145075 -0.300821 0.300172 -0.901815 -2.905451 -3.117392 -2.687764 -3.262421 -1.978566 -4.546262 -0.557230 -0.159736 -0.965469 -1.365937 -1.598791 -1.133083 0.777207 1.675219 -0.145075 3.336864 3.478389 3.195340 4.304684 5.016131 3.574008 -0.300821 0.300172 -0.901815 5.379748 6.527788 4.200680 4.732514 5.269886 4.195138 5.379748 6.527788 4.200680 ??? ??? ???
304_Dot_Probe_Block2 0.163004 0.568706 -0.260337 -0.375275 0.575933 -1.371777 1.452203 1.639168 1.257107 1.305274 2.391577 0.167242 -15.302999 -17.622433 -12.882694 -17.830631 -17.962809 -17.692146 -0.570661 -1.866259 0.781267 -0.209464 -2.249033 1.927228 1.452203 1.639168 1.257107 -0.375275 0.575933 -1.371777 0.163004 0.568706 -0.260337 1.305274 2.391577 0.167242 1.011403 0.400984 1.648360 0.481925 1.895440 -0.998901 1.011403 0.400984 1.648360 ??? ??? ???
305_Dot_Probe_Block2 1.744642 1.797594 1.691689 1.557723 1.474715 1.643037 3.313087 2.971275 3.654897 3.093966 3.215945 2.968599 1.497933 2.153986 0.841882 1.020740 0.690594 1.360056 -1.220167 -1.465794 -0.974540 -0.632651 -0.974710 -0.281091 3.313087 2.971275 3.654897 1.557723 1.474715 1.643037 1.744642 1.797594 1.691689 3.093966 3.215945 2.968599 3.692426 3.521722 3.863132 3.667102 3.520972 3.817293 3.692426 3.521722 3.863132 ??? ??? ???
310_Dot_Probe_Block2 -0.773925 -0.968805 -0.573141 0.918688 1.447330 0.374497 -0.135455 -0.692405 0.438373 -0.925948 -1.284843 -0.556495 -2.007155 -1.754107 -2.267877 -3.346410 -4.352153 -2.311086 -0.162140 -0.046662 -0.281117 0.599024 1.752777 -0.588665 -0.135455 -0.692405 0.438373 0.918688 1.447330 0.374497 -0.773925 -0.968805 -0.573141 -0.925948 -1.284843 -0.556495 0.879704 0.455699 1.316558 2.854659 3.278467 2.418387 0.879704 0.455699 1.316558 ??? ??? ???
67_Dot_Probe_Block2 -0.323368 -0.320119 -0.326888 -1.994212 -1.334442 -2.708962 4.313551 5.103252 3.458043 0.377272 -1.133860 2.014333 -2.363575 -3.596367 -1.028061 -4.421251 -6.529027 -2.137830 -5.783384 -4.558733 -7.110079 -1.159656 0.104385 -2.529049 4.313551 5.103252 3.458043 -1.994212 -1.334442 -2.708962 -0.323368 -0.320119 -0.326888 0.377272 -1.133860 2.014333 -0.524914 -0.355896 -0.708018 -1.008584 -0.417397 -1.649037 -0.524914 -0.355896 -0.708018 ??? ??? ???
70_Dot_Probe_Block2 0.535990 0.116008 0.955972 1.679328 1.312231 2.046428 11.636884 11.764241 11.509526 10.994619 11.783619 10.205623 7.011748 6.470903 7.552578 9.931347 10.711185 9.151494 2.143267 2.634212 1.652324 4.005746 3.678212 4.333284 11.636884 11.764241 11.509526 1.679328 1.312231 2.046428 0.535990 0.116008 0.955972 10.994619 11.783619 10.205623 2.734621 2.069064 3.400175 3.434877 3.527820 3.341935 2.734621 2.069064 3.400175 ??? ??? ???
71_Dot_Probe_Block2 2.933178 2.802701 3.063658 2.173460 1.870998 2.484817 4.166607 4.022423 4.310789 3.819329 3.303762 4.350058 1.982868 0.156814 3.808941 0.738468 -0.310340 1.818125 -0.974061 -0.322297 -1.625825 -1.726159 -1.446441 -2.014104 4.166607 4.022423 4.310789 2.173460 1.870998 2.484817 2.933178 2.802701 3.063658 3.819329 3.303762 4.350058 5.991736 5.160411 6.823061 5.027284 4.743381 5.319534 5.991736 5.160411 6.823061 ??? ??? ???
73_Dot_Probe_Block2 3.734627 2.689083 4.829959 2.221509 1.258527 3.184489 3.186032 3.076005 3.301301 2.499508 2.456220 2.542793 4.210608 1.559735 6.987751 0.982566 -3.169923 5.135047 3.133473 3.485878 2.764288 -0.473821 1.082952 -2.030592 3.186032 3.076005 3.301301 2.221509 1.258527 3.184489 3.734627 2.689083 4.829959 2.499508 2.456220 2.542793 4.957006 4.705988 5.219976 4.612710 3.352425 5.872990 4.957006 4.705988 5.219976 ??? ??? ???
