Vp Diff_P78_NA Diff_P78_NA_Odd Diff_P78_NA_Even Diff_P78_AN Diff_P78_AN_Odd Diff_P78_AN_Even
102_Dot_Probe_Block2 -3.577712 -3.767613 -3.387815 0.923660 0.057397 1.789922
103_Dot_Probe_Block2 -1.322831 -0.894717 -1.750946 1.406291 1.426330 1.386253
104_Dot_Probe_Block2 1.819975 2.664705 0.922448 0.455056 1.007332 -0.134038
105_Dot_Probe_Block2 2.166753 2.498559 1.834942 -1.771489 -2.048209 -1.494771
106_Dot_Probe_Block2 -2.993427 -2.276592 -3.710263 0.953694 0.877113 1.032463
108_Dot_Probe_Block2 -3.299791 -3.119839 -3.479742 1.404151 1.677901 1.123381
109_Dot_Probe_Block2 -0.567486 0.357636 -1.534662 1.132362 1.219845 1.041236
110_Dot_Probe_Block2 0.469221 0.290954 0.655976 2.034096 1.338714 2.729479
112_Dot_Probe_Block2 -3.730547 -3.682006 -3.780479 2.375084 1.772139 2.978029
113_Dot_Probe_Block2 -0.337274 -0.679682 0.018831 -2.103812 -3.171787 -1.035839
114_Dot_Probe_Block2 1.202142 0.634560 1.784661 -1.118743 -1.306923 -0.930561
116_Dot_Probe_Block2 -0.365875 -0.532058 -0.194655 -2.102800 -1.767454 -2.448626
119_Dot_Probe_Block2 -0.132243 -0.164725 -0.099761 0.661368 0.835774 0.482115
121_Dot_Probe_Block2 -3.413118 -1.707967 -5.163140 1.579569 2.685954 0.473184
123_Dot_Probe_Block2 -3.015794 -2.945785 -3.085800 1.618544 1.582739 1.655318
124_Dot_Probe_Block2 1.343474 -0.429502 3.116446 7.067904 8.326025 5.390409
125_Dot_Probe_Block2 -3.595785 -3.058576 -4.154480 3.458160 4.542366 2.330583
127_Dot_Probe_Block2 -0.242105 -1.079259 0.595049 -1.580232 -1.175168 -1.998796
128_2_Dot_Probe_Block2 5.219351 5.192160 5.251070 -6.194319 -5.235501 -7.153141
129_Dot_Probe_Block2 -6.166444 -6.950375 -5.349851 6.613825 8.034657 5.118218
130_Dot_Probe_Block2 2.181629 1.535351 2.853757 -1.885278 -1.855189 -1.916525
133_Dot_Probe_Block2 -1.762964 -2.092612 -1.424159 1.733374 2.043893 1.422854
134_Dot_Probe_Block2 0.201492 1.243961 -0.875726 -0.290751 -2.813023 2.231522
135_Dot_Probe_Block2 -3.232661 -4.097525 -2.367796 0.707357 0.136384 1.308381
136_Dot_Probe_Block2 -0.059704 0.384411 -0.515821 -2.057563 -2.543658 -1.559005
137_Dot_Probe_Block2 -1.280275 -1.370002 -1.187830 1.990087 1.904866 2.075308
138_Dot_Probe_Block2 2.621185 5.096943 0.145427 -1.687456 -4.088526 0.898313
139_Dot_Probe_Block2 3.039082 0.844421 5.233742 -0.910413 -2.471696 0.650869
141_Dot_Probe_Block2 -9.121925 -10.617196 -7.626650 8.107868 9.037748 7.147992
142_Dot_Probe_Block2 1.030275 1.511263 0.549285 -3.146020 -3.412050 -2.879990
143_Dot_Probe_Block2 -3.032377 -2.596750 -3.468003 3.054123 2.252290 3.855958
144_Dot_Probe_Block2 -1.086375 -1.316031 -0.856718 -1.360809 -0.612489 -2.109128
145_Dot_Probe_Block2 -3.119840 -2.864902 -3.381315 1.753265 1.788289 1.718240
150_Dot_Probe_Block2 -1.017296 -1.754098 -0.280493 -0.375435 -0.950710 0.252138
151_Dot_Probe_Block2 -3.433200 -3.567281 -3.293024 2.621583 3.783290 1.459877
152_Dot_Probe_Block2 -2.602715 -2.730468 -2.474962 -0.183700 -0.695514 0.341947
153_Dot_Probe_Block2 3.191221 1.985451 4.396993 -1.143045 -0.767748 -1.612166
155_Dot_Probe_Block2 -6.092164 -8.809331 -3.374996 0.105411 -0.380005 0.608160
156_Dot_Probe_Block2 -2.315937 -1.692861 -2.964974 2.224096 3.417048 0.981440
158_Dot_Probe_Block2 -2.803254 -2.943023 -2.658308 0.444950 -1.220802 2.110701
159_Dot_Probe_Block2 -1.749920 -1.910058 -1.589783 1.273418 1.825790 0.700588
165_Dot_Probe_Block2 1.971543 0.417548 3.525538 -2.125164 -3.403779 -0.766635
166_Dot_Probe_Block2 -2.435544 -3.262761 -1.608325 1.412456 1.244568 1.580344
169_Dot_Probe_Block2 0.611058 1.583467 -0.436151 -1.526405 -2.187788 -0.865025
174_Dot_Probe_Block2 0.891356 0.347980 1.449416 -1.878491 -1.740208 -2.016773
198_Dot_Probe_Block2 -4.622442 -5.400439 -3.844444 2.757653 1.669950 3.845355
199_Dot_Probe_Block2 1.226170 0.381684 2.109041 -1.356054 -1.894866 -0.794791
213_Dot_Probe_Block2 -3.744328 -1.638208 -5.955752 2.861796 3.099281 2.624310
214_Dot_Probe_Block2 -0.490452 -0.415664 -0.565240 0.276857 1.009871 -0.476518
215_Dot_Probe_Block2 -7.158758 -6.293008 -8.024510 8.097438 8.268917 7.925952
217_Dot_Probe_Block2 -1.369186 -1.256575 -1.481797 -0.331920 0.910643 -1.608065
218_Dot_Probe_Block2 -13.767286 -14.593498 -12.918739 12.040367 11.614522 12.466209
221_Dot_Probe_Block2 -7.697323 -7.753142 -7.641504 5.172829 4.331523 6.036277
222_Dot_Probe_Block2 -4.122880 -4.138553 -4.107205 2.614440 1.527123 3.745252
223_Dot_Probe_Block2 0.146786 1.624234 -1.330662 -1.076594 -1.913475 -0.239714
224_Dot_Probe_Block2 -2.326285 -1.247140 -3.405429 0.508235 0.321585 0.694885
225_Dot_Probe_Block2 1.268996 -0.467880 3.005872 -6.791958 -6.505333 -7.078580
226_Dot_Probe_Block2 -2.655317 -3.526816 -1.758914 2.226599 2.338459 2.111544
227_Dot_Probe_Block2 -3.137719 -3.433331 -2.833148 2.916041 3.403674 2.428407
228_Dot_Probe_Block2 -0.819431 -1.675670 0.036809 -0.455686 0.330198 -1.241570
229_Dot_Probe_Block2 1.581970 2.385283 0.756946 -0.766488 -0.559138 -0.979155
230_Dot_Probe_Block2 -4.500673 -4.818737 -4.182610 2.746523 2.272909 3.220138
231_Dot_Probe_Block2 -2.725364 -2.241220 -3.209508 3.058109 2.479976 3.653761
233_Dot_Probe_Block2 -0.188501 -0.776696 0.399695 -1.619459 -1.463345 -1.779682
234_Dot_Probe_Block2 -1.234885 -0.504919 -1.990020 1.207475 1.563101 0.841390
235_Dot_Probe_Block2 0.347842 0.449169 0.241182 -0.432317 0.182764 -1.079772
237_Dot_Probe_Block2 1.491060 1.740927 1.234441 -2.703804 -3.334654 -2.072952
239_Dot_Probe_Block2 0.665518 1.172159 0.143043 0.118910 -0.664466 0.929299
240_Dot_Probe_Block2 -2.547260 -2.240767 -2.853753 1.620795 1.321573 1.928566
241_Dot_Probe_Block2 -1.756440 -1.891472 -1.621408 0.072259 0.355445 -0.218379
242_Dot_Probe_Block2 -10.718957 -10.701956 -10.736469 10.332167 10.097410 10.574744
243_Dot_Probe_Block2 -0.404514 0.156046 -0.965075 -0.214543 -0.060005 -0.375023
244_Dot_Probe_Block2 -0.225747 -1.301797 0.850303 1.881413 2.836631 0.895379
245_Dot_Probe_Block2 -4.694591 -3.450063 -5.939120 5.607900 5.994981 5.220820
247_Dot_Probe_Block2 -4.362820 -3.180490 -5.545148 1.655644 0.590248 2.854216
248_Dot_Probe_Block2 0.283456 0.108053 0.463732 0.228452 0.813853 -0.374167
249_Dot_Probe_Block2 -2.740417 -1.737870 -3.742963 4.078259 6.129921 2.026617
251_Dot_Probe_Block2 -2.433389 -2.903707 -1.963069 0.452603 1.019720 -0.114514
252_Dot_Probe_Block2 -2.909158 -3.925885 -1.892429 2.438592 2.306223 2.575373
255_Dot_Probe_Block2 0.900165 1.256539 0.534654 -0.117659 -0.475521 0.240202
256_Dot_Probe_Block2 -2.186610 -1.419883 -2.972996 1.431352 1.165846 1.696857
257_Dot_Probe_Block2 -5.229840 -3.404298 -8.880928 -8.037992 -13.286665 2.459377
263_Dot_Probe_Block2 2.565400 0.218858 5.023681 -3.231584 -3.300322 -3.159721
264_Dot_Probe_Block2 -1.646698 -3.147669 -0.145727 1.854461 1.180926 2.557281
266_Dot_Probe_Block2 -5.255186 -5.177242 -5.333127 4.570764 4.803139 4.331126
267_Dot_Probe_Block2 -0.365354 -0.584965 -0.145744 -0.393714 -0.325256 -0.464127
269_Dot_Probe_Block2 0.483911 -0.133986 1.101810 -3.019639 -2.613053 -3.426223
271_Dot_Probe_Block2 -4.795021 -7.811502 -1.024420 4.308004 9.310527 -0.694516
272_Dot_Probe_Block2 -0.234432 -1.362976 0.923810 -0.634281 -1.494732 0.226170
280_Dot_Probe_Block2 -9.405649 -10.546999 -8.264304 7.750821 7.185660 8.334216
281_Dot_Probe_Block2 -1.692193 -1.994445 -1.381988 -0.087208 -0.171164 -0.003250
284_Dot_Probe_Block2 -0.425075 -0.611065 -0.239083 -0.039437 -0.205556 0.126682
285_Dot_Probe_Block2 -4.492333 -5.188749 -3.773453 2.452590 1.924860 2.980322
290_Dot_Probe_Block2 -1.720012 -1.966574 -1.473449 1.311687 1.188013 1.435359
292_Dot_Probe_Block2 -2.823760 -3.061376 -2.586146 2.331466 2.939684 1.723249
294_Dot_Probe_Block2 -3.740273 -3.795419 -3.682920 2.387803 1.733299 3.073473
295_Dot_Probe_Block2 -4.055775 -3.896227 -4.215319 3.029452 1.946069 4.112848
296_Dot_Probe_Block2 -5.001829 -5.354951 -4.639654 5.217257 5.190827 5.244397
297_Dot_Probe_Block2 -3.561941 -2.647406 -4.508011 1.397616 1.226030 1.569202
298_Dot_Probe_Block2 3.527477 3.340913 3.719084 -3.637686 -3.178218 -4.097155
304_Dot_Probe_Block2 -1.289198 -1.070461 -1.517444 1.680548 1.815644 1.539020
305_Dot_Probe_Block2 -1.568445 -1.173682 -1.963208 1.536244 1.741231 1.325562
310_Dot_Probe_Block2 -0.638471 -0.276399 -1.011514 -1.844634 -2.732173 -0.930992
67_Dot_Probe_Block2 -4.636919 -5.423371 -3.784931 2.371485 0.200582 4.723294
70_Dot_Probe_Block2 -11.100893 -11.648231 -10.553554 9.315291 10.471391 8.159194
71_Dot_Probe_Block2 -1.233428 -1.219722 -1.247133 1.645868 1.432763 1.865241
73_Dot_Probe_Block2 0.548594 -0.386922 1.528657 0.277999 1.197695 -0.641696
