Vp Diff_P78_NA Diff_P78_AN Diff_P78_NA_Odd Diff_P78_NA_Even Diff_P78_AN_Odd Diff_P78_AN_Even
102_Dot_Probe_Block1 -2.398818 2.072618 -3.302912 -1.494726 1.580202 2.565035
103_Dot_Probe_Block1 -1.411599 0.125719 -2.678769 -0.144429 0.524204 -0.272765
105_Dot_Probe_Block1 0.992159 -1.685443 1.370736 0.613582 -1.520257 -1.850633
106_Dot_Probe_Block1 -5.250805 2.094437 -4.101337 -6.435104 2.110593 2.077832
107_Dot_Probe_Block1 -1.298367 0.093115 -1.179934 -1.419168 0.082875 0.103355
108_Dot_Probe_Block1 -3.188150 2.406012 -3.406834 -2.969468 2.723888 2.088137
109_Dot_Probe_Block1 -2.241265 1.252250 -2.908011 -1.574519 0.626213 1.878286
110_Dot_Probe_Block1 -2.208669 -0.114673 -0.084027 -4.425688 2.948980 -3.178327
112_Dot_Probe_Block1 -1.772736 1.871630 -2.396544 -1.148931 1.751176 1.992085
113_Dot_Probe_Block1 1.070862 -2.746646 2.073906 0.067820 -3.563062 -1.930231
114_Dot_Probe_Block1 0.220228 -1.176991 -0.621389 1.083426 -1.314697 -1.039286
116_Dot_Probe_Block1 -0.299616 -0.649682 0.354077 -0.972534 -0.748878 -0.550484
119_Dot_Probe_Block1 1.527473 -1.443486 0.621813 2.433131 -0.538720 -2.348251
121_Dot_Probe_Block1 -2.302851 0.976548 -3.409436 -1.196268 1.122157 0.827003
123_Dot_Probe_Block1 -3.319130 2.264895 -3.594875 -3.043388 1.565271 2.982931
124_Dot_Probe_Block1 1.441880 6.743985 -0.195025 3.624424 9.489501 3.083300
125_Dot_Probe_Block1 -4.952938 5.599045 -5.173566 -4.732315 5.907859 5.290225
126_Dot_Probe_Block1 -13.107423 -5.344276 -13.107423 0.000000 0.657969 -11.346520
127_Dot_Probe_Block1 0.533350 -2.287083 1.197018 -0.130319 -2.057817 -2.516349
128_Dot_Probe_Block1 3.163567 -4.708482 4.073497 2.253635 -2.029984 -7.386977
129_Dot_Probe_Block1 -4.150164 4.833765 -3.567035 -4.733294 4.824813 4.843278
130_Dot_Probe_Block1 1.882678 -1.698376 2.528796 1.236560 -1.699430 -1.697322
133_Dot_Probe_Block1 -1.252622 1.966583 -1.815264 -0.674774 2.024288 1.907229
134_Dot_Probe_Block1 0.990867 -0.769706 0.714498 1.267235 -0.114599 -1.453295
135_Dot_Probe_Block1 -1.158378 -1.185602 -2.540164 0.304690 -0.113871 -2.320375
136_Dot_Probe_Block1 -1.124865 -1.900252 -0.243001 -2.006730 -1.995587 -1.801840
137_Dot_Probe_Block1 -1.363163 0.666553 -0.203560 -2.564181 0.753696 0.579411
138_Dot_Probe_Block1 1.706825 0.174665 0.340134 3.073515 -2.315016 2.855857
139_Dot_Probe_Block1 -0.375024 -1.127605 -0.261033 -0.499379 -0.026091 -2.229118
140_Dot_Probe_Block1 1.637192 -1.575551 1.674611 1.599773 -2.393480 -0.757622
141_Dot_Probe_Block1 -9.401670 8.899178 -8.713528 -10.112005 9.551988 8.223860
142_Dot_Probe_Block1 0.788974 -3.870370 1.006115 0.563149 -5.123462 -2.617275
143_Dot_Probe_Block1 -5.194438 2.793965 -5.743679 -4.620237 1.573511 4.014419
144_Dot_Probe_Block1 -1.487810 0.372345 -1.447167 -1.530388 1.402733 -0.658042
145_Dot_Probe_Block1 -2.174167 0.883505 -2.132826 -2.215508 1.370621 0.396389
150_Dot_Probe_Block1 -0.903743 0.711029 0.075597 -1.912758 1.341910 0.062624
152_Dot_Probe_Block1 -2.055459 -0.064164 -2.337035 -1.765837 0.903167 -1.031495
153_Dot_Probe_Block1_2 0.361432 -2.289163 0.359847 0.363016 -2.290149 -2.288180
155_Dot_Probe_Block1 -3.537519 -1.978772 -2.493373 -4.581662 -0.478969 -3.534121
156_Dot_Probe_Block1 -1.122979 1.841716 -1.791697 -0.420827 2.224785 1.458647
158_Dot_Probe_Block1 -2.402364 0.186777 -2.877310 -1.903669 0.581090 -0.224679
159_Dot_Probe_Block1 -2.189096 -1.918441 -1.299978 -3.522767 -3.105805 -0.137395
164_REW_EEG_Task 0.913641 0.836393 2.177239 -0.349956 1.860228 -0.220467
165_Dot_Probe_Block1 -1.189932 -1.035288 -1.023804 -1.361095 -1.180488 -0.890089
169_Dot_Probe_Block1 1.750880 -2.855935 1.158703 2.343055 -3.649011 -2.062860
172_Dot_Probe_Block1 -1.828413 0.459221 -1.530663 -2.137192 0.865155 0.037047
174_Dot_Probe_Block1 0.410711 -1.820868 1.225977 -0.425459 -1.965775 -1.675960
198_Dot_Probe_Block1 -2.246818 1.985018 -2.595895 -1.884318 2.837288 1.132750
199_Dot_Probe_Block1 2.339167 -0.928250 2.186365 2.491969 0.125749 -1.982247
213_Dot_Probe_Block1 -2.431275 1.892695 -3.035361 -1.827188 2.640646 1.144743
214_Dot_Probe_Block1 -1.543005 0.217157 -1.817736 -1.268276 0.498314 -0.063999
215_Dot_Probe_Block1 -8.022746 7.654179 -8.284708 -7.752600 8.004057 7.294307
217_Dot_Probe_Block1 -1.020819 1.964977 -0.630304 -1.422819 2.432006 1.485325
218_Dot_Probe_Block1 -13.724558 13.034820 -13.891195 -13.553548 13.521243 12.535242
221_Dot_Probe_Block1 -4.802837 3.573894 -4.410267 -5.195405 4.054500 3.080300
222_Dot_Probe_Block1 -2.856005 3.996481 -4.642534 -0.814256 2.396891 5.756031
223_Dot_Probe_Block1 0.054731 -0.680900 0.324896 -0.215434 -1.425537 0.082830
224_Dot_Probe_Block1 -1.196243 2.156142 -2.120062 -0.247456 0.851181 3.496372
225_Dot_Probe_Block1 0.822630 -2.445453 1.505811 0.118743 -1.890575 -3.017145
226_Dot_Probe_Block1 -2.742288 2.658759 -1.930129 -3.579060 4.283198 1.034318
227_Dot_Probe_Block1 -4.197975 2.689529 -4.456323 -3.939628 3.176471 2.187833
228_Dot_Probe_Block1 -1.673232 3.662589 -1.558462 -1.788003 4.990464 2.271483
229_Dot_Probe_Block1 1.407794 -0.879944 0.599311 2.237010 -0.708796 -1.055596
230_Dot_Probe_Block1 -2.302824 2.444975 -2.088755 -2.528788 1.186949 3.703000
231_Dot_Probe_Block1 -1.654561 2.321676 -1.492675 -1.822030 0.654568 3.988786
233_Dot_Probe_Block1 0.195997 -1.359580 -0.003660 0.400773 -1.539145 -1.180015
234_Dot_Probe_Block1 -1.714932 1.361582 -2.284774 -1.145091 1.045599 1.687141
235_Dot_Probe_Block1 0.092499 3.320847 0.372408 -0.187412 1.915182 4.726511
237_Dot_Probe_Block1 0.188260 -0.605181 0.906345 -0.529826 -0.448184 -0.762178
239_Dot_Probe_Block1 -0.928957 0.485254 -0.217789 -1.661040 -0.005434 0.975941
240_Dot_Probe_Block1 -3.027037 0.523648 -2.917275 -3.136800 0.272796 0.782341
241_Dot_Probe_Block1 -0.594567 0.596136 -0.818625 -0.370510 0.382235 0.810038
242_Dot_Probe_Block1 -7.790297 8.219734 -8.918001 -6.615602 8.503319 7.924811
243_Dot_Probe_Block1 -1.460220 -0.273762 -1.545698 -1.371324 0.575203 -1.156683
244_Dot_Probe_Block1 -1.211498 -0.399736 -1.314565 -1.108431 0.058928 -0.883881
245_Dot_Probe_Block1 -5.271394 5.793332 -5.188760 -5.356259 4.935996 6.650670
247_Dot_Probe_Block1 -1.316339 0.962870 -1.611573 -1.021105 1.000248 0.925492
248_Dot_Probe_Block1 -0.303033 -0.962648 0.873290 -1.479355 -0.664500 -1.271444
249_Dot_Probe_Block1 -2.782662 3.473403 -3.423729 -2.103886 3.688434 3.248132
251_Dot_Probe_Block1 -2.120526 0.929955 -1.991092 -2.253277 1.083194 0.776715
252_Dot_Probe_Block1 -1.413582 1.836992 -1.413617 -1.413547 2.147238 1.517344
255_Dot_Probe_Block1 -0.104559 1.154721 -0.400227 0.191110 1.913968 0.395475
256_Dot_Probe_Block1 -1.429558 1.504133 -0.578603 -2.302904 1.497131 1.511133
257_Dot_Probe_Block1 -6.447773 1.957955 -5.036732 -7.858818 8.216169 -4.300264
263_Dot_Probe_Block1 -0.179115 -1.969403 -0.972016 0.666647 -2.904295 -1.034512
264_Dot_Probe_Block1 -1.736845 0.630528 -2.230055 -1.243636 -0.440429 1.739733
266_Dot_Probe_Block1 -4.091486 4.865874 -3.904373 -4.284832 5.476964 4.254784
267_Dot_Probe_Block1 -1.329911 0.084992 -1.709436 -0.950386 -0.327486 0.508617
269_Dot_Probe_Block1 1.060270 -2.712237 0.779364 1.349438 -1.902343 -3.544627
271_Dot_Probe_Block1 -3.025868 4.431859 -3.235175 -2.808808 4.738185 4.125528
272_Dot_Probe_Block1 -0.068293 -0.495210 -0.227025 0.094509 -1.262462 0.291717
280_Dot_Probe_Block1 -7.599502 9.179328 -7.404205 -7.794799 9.081189 9.280443
281_Dot_Probe_Block1 0.755963 -0.462204 -0.698573 2.249812 -0.355890 -0.568520
284_Dot_Probe_Block1 -0.488887 0.891334 0.564255 -1.542029 0.989823 0.792846
285_Dot_Probe_Block1 -3.880014 3.626340 -3.878129 -3.881954 5.394293 1.858384
290_Dot_Probe_Block1 -1.838235 1.764722 -2.085264 -1.584871 1.692785 1.838503
292_Dot_Probe_Block1 -2.473058 1.764901 -2.288635 -2.662748 1.357522 2.172280
293_Dot_Probe_Block1 -5.736438 7.390119 -9.607075 -1.435726 7.746472 6.994170
295_Dot_Probe_Block1 -1.113299 4.659414 0.138752 -2.365349 4.136699 5.182131
296_Dot_Probe_Block1 -8.767833 8.466768 -7.703341 -9.832326 8.499085 8.433598
297_Dot_Probe_Block1 -2.339963 -0.420084 -2.315256 -2.364671 -0.636954 -0.195737
298_Dot_Probe_Block1 4.416314 -4.352101 5.338221 3.494406 -4.474427 -4.229774
304_Dot_Probe_Block1 -2.173625 1.727413 -1.455411 -2.891839 0.606403 2.888459
305_Dot_Probe_Block1 -2.489036 0.409634 -2.038869 -2.953268 0.567202 0.252065
310_Dot_Probe_Task_Block1 2.602696 -1.162056 3.665061 1.506061 -1.200419 -1.122530
67_Dot_Probe_Block1 -2.306510 2.885960 0.590256 -5.203274 4.602444 0.311239
70_Dot_Probe_Block1 -9.863073 10.006006 -9.338247 -10.387907 9.884010 10.131385
71_Dot_Probe_Block1 -1.261705 1.582074 -2.707716 0.232506 1.444770 1.719377
73_Dot_Probe_Block1 -0.426394 1.239738 0.822870 -1.717299 -0.556876 3.102897


