Vp P7-Indiv_Ch_P78_NA P7-Indiv_Ch_P78_NA_Odd P7-Indiv_Ch_P78_NA_Even P7-Indiv_Ch_P78_AN P7-Indiv_Ch_P78_AN_Odd P7-Indiv_Ch_P78_AN_Even P8-Indiv_Ch_P78_NA P8-Indiv_Ch_P78_NA_Odd P8-Indiv_Ch_P78_NA_Even P8-Indiv_Ch_P78_AN P8-Indiv_Ch_P78_AN_Odd P8-Indiv_Ch_P78_AN_Even VEOG-Indiv_Ch_P78_NA VEOG-Indiv_Ch_P78_NA_Odd VEOG-Indiv_Ch_P78_NA_Even VEOG-Indiv_Ch_P78_AN VEOG-Indiv_Ch_P78_AN_Odd VEOG-Indiv_Ch_P78_AN_Even HEOG-Indiv_Ch_P78_NA HEOG-Indiv_Ch_P78_NA_Odd HEOG-Indiv_Ch_P78_NA_Even HEOG-Indiv_Ch_P78_AN HEOG-Indiv_Ch_P78_AN_Odd HEOG-Indiv_Ch_P78_AN_Even Ipsi_P78-Indiv_Ch_P78_NA Ipsi_P78-Indiv_Ch_P78_NA_Odd Ipsi_P78-Indiv_Ch_P78_NA_Even Ipsi_P78-Indiv_Ch_P78_AN Ipsi_P78-Indiv_Ch_P78_AN_Odd Ipsi_P78-Indiv_Ch_P78_AN_Even Contra_P78-Indiv_Ch_P78_NA Contra_P78-Indiv_Ch_P78_NA_Odd Contra_P78-Indiv_Ch_P78_NA_Even Contra_P78-Indiv_Ch_P78_AN Contra_P78-Indiv_Ch_P78_AN_Odd Contra_P78-Indiv_Ch_P78_AN_Even PO7-Indiv_Ch_P78_NA PO7-Indiv_Ch_P78_NA_Odd PO7-Indiv_Ch_P78_NA_Even PO7-Indiv_Ch_P78_AN PO7-Indiv_Ch_P78_AN_Odd PO7-Indiv_Ch_P78_AN_Even Contra_PO-Indiv_Ch_P78_NA Contra_PO-Indiv_Ch_P78_NA_Odd Contra_PO-Indiv_Ch_P78_NA_Even Contra_PO-Indiv_Ch_P78_AN Contra_PO-Indiv_Ch_P78_AN_Odd Contra_PO-Indiv_Ch_P78_AN_Even
102_Dot_Probe_Block2 -3.019090 -2.764060 -3.274122 -3.157423 -2.706067 -3.608778 -2.436255 -2.466027 -2.406485 -3.696749 -4.102871 -3.290629 2.727674 2.474134 2.981204 2.245543 1.525282 2.965804 -0.822771 -2.432700 0.787159 1.188580 2.234982 0.142180 -2.436255 -2.466027 -2.406485 -3.157423 -2.706067 -3.608778 -3.019090 -2.764060 -3.274122 -3.696749 -4.102871 -3.290629 -1.567278 -1.235719 -1.898838 -2.060065 -1.901167 -2.218964 -1.567278 -1.235719 -1.898838 ??? ??? ???
103_Dot_Probe_Block2 -1.489217 -1.357130 -1.621307 -1.635538 -1.963340 -1.307736 0.815161 0.987817 0.642505 0.432885 0.049939 0.815832 -8.071135 -7.370068 -8.772202 -8.529844 -8.408656 -8.651057 -0.401743 -0.216497 -0.586990 1.606238 2.976901 0.235573 0.815161 0.987817 0.642505 -1.635538 -1.963340 -1.307736 -1.489217 -1.357130 -1.621307 0.432885 0.049939 0.815832 -1.008445 -0.747293 -1.269598 -1.301138 -1.978831 -0.623445 -1.008445 -0.747293 -1.269598 ??? ??? ???
104_Dot_Probe_Block2 2.811466 3.313773 2.277765 1.605860 1.317498 1.913446 1.971053 1.420512 2.556004 3.041359 3.084681 2.995149 -0.101801 0.239138 -0.464039 -1.203558 -0.209976 -2.263382 2.971527 5.222164 0.580229 0.079148 -1.024389 1.256256 1.971053 1.420512 2.556004 1.605860 1.317498 1.913446 2.811466 3.313773 2.277765 3.041359 3.084681 2.995149 5.487992 5.782380 5.175206 4.850300 4.559606 5.160377 5.487992 5.782380 5.175206 ??? ??? ???
105_Dot_Probe_Block2 -1.805207 -1.955745 -1.654671 -1.158150 -0.894712 -1.421586 -2.824412 -3.054366 -2.594458 -3.011838 -3.093456 -2.930218 -7.097753 -5.363404 -8.832108 -2.982253 0.998333 -6.962823 0.712531 0.060618 1.364442 0.280322 0.181978 0.378666 -2.824412 -3.054366 -2.594458 -1.158150 -0.894712 -1.421586 -1.805207 -1.955745 -1.654671 -3.011838 -3.093456 -2.930218 -2.094735 -2.503495 -1.685974 -1.893430 -1.601709 -2.185149 -2.094735 -2.503495 -1.685974 ??? ??? ???
106_Dot_Probe_Block2 -1.876632 -1.653103 -2.100161 0.500398 -0.125115 1.143784 0.770955 0.096839 1.445072 -0.001696 -0.195405 0.197548 0.066836 -0.299293 0.432966 0.656081 0.298871 1.023498 0.147818 0.843156 -0.547519 0.365416 -0.377721 1.129786 0.770955 0.096839 1.445072 0.500398 -0.125115 1.143784 -1.876632 -1.653103 -2.100161 -0.001696 -0.195405 0.197548 0.723454 1.032655 0.414254 3.263184 2.157230 4.400737 0.723454 1.032655 0.414254 ??? ??? ???
108_Dot_Probe_Block2 -3.129512 -3.200773 -3.058251 -2.129766 -2.123870 -2.135813 -2.032533 -2.061745 -2.003320 -3.023760 -2.795797 -3.257567 -1.874714 -1.229920 -2.519508 -1.751437 -1.533613 -1.974846 0.939007 1.474710 0.403305 0.893042 0.865691 0.921093 -2.032533 -2.061745 -2.003320 -2.129766 -2.123870 -2.135813 -3.129512 -3.200773 -3.058251 -3.023760 -2.795797 -3.257567 -4.238122 -4.537156 -3.939088 -3.391041 -3.365988 -3.416735 -4.238122 -4.537156 -3.939088 ??? ??? ???
109_Dot_Probe_Block2 -3.988632 -3.547745 -4.449565 -5.251655 -5.224871 -5.279561 -1.338554 -1.873384 -0.779415 -1.145120 -1.261422 -1.023971 -11.609817 -12.802736 -10.362668 -11.456942 -10.503028 -12.450606 -0.938196 1.211058 -3.185142 -1.456995 -1.417656 -1.497975 -1.338554 -1.873384 -0.779415 -5.251655 -5.224871 -5.279561 -3.988632 -3.547745 -4.449565 -1.145120 -1.261422 -1.023971 -3.456149 -2.468792 -4.488388 -4.966586 -4.669517 -5.276032 -3.456149 -2.468792 -4.488388 ??? ??? ???
110_Dot_Probe_Block2 1.375970 2.274484 0.434668 -1.488658 -1.187182 -1.790134 -1.560010 -1.419829 -1.706866 -1.367815 -0.390316 -2.345313 -1.781146 -1.579829 -1.992051 -2.699232 0.187687 -5.586149 -0.053462 1.389531 -1.565170 1.606884 0.380382 2.833385 -1.560010 -1.419829 -1.706866 -1.488658 -1.187182 -1.790134 1.375970 2.274484 0.434668 -1.367815 -0.390316 -2.345313 0.356521 0.886958 -0.199173 -2.173086 -1.416902 -2.929271 0.356521 0.886958 -0.199173 ??? ??? ???
112_Dot_Probe_Block2 -6.777328 -5.860238 -7.720623 -5.974222 -6.842185 -5.106257 -1.462174 -1.285779 -1.643607 -2.404887 -2.754910 -2.054864 -5.100338 -1.795882 -8.499217 -7.259328 -8.088325 -6.430320 -0.717199 -0.519795 -0.920242 0.301389 0.595726 0.007052 -1.462174 -1.285779 -1.643607 -5.974222 -6.842185 -5.106257 -6.777328 -5.860238 -7.720623 -2.404887 -2.754910 -2.054864 -8.826620 -7.784074 -9.898951 -8.824896 -9.637259 -8.012534 -8.826620 -7.784074 -9.898951 ??? ??? ???
113_Dot_Probe_Block2 -1.892269 -1.738062 -2.052643 -1.164861 -0.776348 -1.553373 -9.670972 -8.655488 -10.727075 -10.266778 -10.475415 -10.058143 -3.819385 -4.012506 -3.618545 -2.380142 -3.297143 -1.463141 0.002870 -0.284896 0.302149 -0.341194 -1.155656 0.473270 -9.670972 -8.655488 -10.727075 -1.164861 -0.776348 -1.553373 -1.892269 -1.738062 -2.052643 -10.266778 -10.475415 -10.058143 -2.661605 -2.482031 -2.848362 -1.924471 -1.809790 -2.039153 -2.661605 -2.482031 -2.848362 ??? ??? ???
114_Dot_Probe_Block2 0.842128 1.260094 0.413162 1.538690 1.169074 1.908306 -1.617122 -0.954289 -2.297398 -1.038453 -1.874170 -0.202736 1.128798 1.039281 1.220667 0.627752 -0.304574 1.560070 -0.127960 0.023188 -0.283085 0.298166 1.402172 -0.805840 -1.617122 -0.954289 -2.297398 1.538690 1.169074 1.908306 0.842128 1.260094 0.413162 -1.038453 -1.874170 -0.202736 1.988081 2.455925 1.507926 3.279417 2.930984 3.627852 1.988081 2.455925 1.507926 ??? ??? ???
116_Dot_Probe_Block2 -0.978850 -1.228643 -0.721487 -0.054755 -0.773430 0.686379 -2.452013 -2.105556 -2.808972 -4.353031 -4.565152 -4.134282 0.146430 0.869547 -0.598579 -1.078883 -1.680171 -0.458812 -0.428817 -0.204125 -0.660319 0.721879 -0.263755 1.738315 -2.452013 -2.105556 -2.808972 -0.054755 -0.773430 0.686379 -0.978850 -1.228643 -0.721487 -4.353031 -4.565152 -4.134282 -2.043399 -2.046652 -2.040048 -1.329378 -1.980895 -0.657502 -2.043399 -2.046652 -2.040048 ??? ??? ???
119_Dot_Probe_Block2 -0.791822 -0.821325 -0.762319 -1.645457 -2.668865 -0.593621 -0.823484 -0.826742 -0.820226 -1.155117 -1.282193 -1.024512 -5.455942 -5.880332 -5.031545 -3.990918 -4.908006 -3.048344 -0.800754 0.284427 -1.885933 -0.909271 -1.697999 -0.098631 -0.823484 -0.826742 -0.820226 -1.645457 -2.668865 -0.593621 -0.791822 -0.821325 -0.762319 -1.155117 -1.282193 -1.024512 0.145645 -0.024667 0.315957 -0.526141 -1.452325 0.425772 0.145645 -0.024667 0.315957 ??? ??? ???
121_Dot_Probe_Block2 -3.330800 -2.717274 -3.960470 -1.327420 -2.424538 -0.230304 -3.126128 -3.765648 -2.469779 -3.609127 -3.181313 -4.036942 -2.390169 -4.720151 0.001138 -1.945786 -3.765063 -0.126508 -1.125152 -0.336317 -1.934746 0.263541 -1.475525 2.002606 -3.126128 -3.765648 -2.469779 -1.327420 -2.424538 -0.230304 -3.330800 -2.717274 -3.960470 -3.609127 -3.181313 -4.036942 -5.079524 -4.423814 -5.752487 -2.972709 -4.643991 -1.301427 -5.079524 -4.423814 -5.752487 ??? ??? ???
123_Dot_Probe_Block2 -1.446507 -1.593335 -1.299680 -0.594019 -0.127199 -1.073457 0.294756 0.011388 0.578122 0.186682 0.499512 -0.134603 0.835275 -0.738524 2.409074 0.130447 -0.133970 0.402009 -1.204630 -0.631001 -1.778261 -0.792354 -1.309522 -0.261209 0.294756 0.011388 0.578122 -0.594019 -0.127199 -1.073457 -1.446507 -1.593335 -1.299680 0.186682 0.499512 -0.134603 -0.761023 -1.064654 -0.457391 -0.080157 0.298429 -0.468975 -0.761023 -1.064654 -0.457391 ??? ??? ???
124_Dot_Probe_Block2 -4.252966 -4.469815 -4.036116 -5.258256 -7.598476 -2.137962 -5.544529 -4.379823 -6.709234 -4.505331 -4.855495 -4.038445 -0.101301 -0.243333 0.040731 -0.091203 -0.142946 -0.022213 -1.281558 -1.944404 -0.618713 -2.570250 -3.387487 -1.480606 -5.544529 -4.379823 -6.709234 -5.258256 -7.598476 -2.137962 -4.252966 -4.469815 -4.036116 -4.505331 -4.855495 -4.038445 -3.487319 -2.645245 -4.329395 -3.444604 -6.700235 0.896236 -3.487319 -2.645245 -4.329395 ??? ??? ???
125_Dot_Probe_Block2 -3.623573 -3.420227 -3.835051 -4.219760 -4.939605 -3.471121 0.971320 1.136809 0.799210 0.769890 0.375693 1.179857 -1.141938 -2.853167 0.637731 -5.376398 -6.859226 -3.834267 -0.215059 -1.977987 1.618388 -1.881089 -1.870221 -1.892393 0.971320 1.136809 0.799210 -4.219760 -4.939605 -3.471121 -3.623573 -3.420227 -3.835051 0.769890 0.375693 1.179857 -3.168781 -2.205143 -4.170965 -3.516079 -4.137768 -2.869521 -3.168781 -2.205143 -4.170965 ??? ??? ???
127_Dot_Probe_Block2 0.862470 0.542400 1.182539 1.150384 1.181889 1.117829 0.395361 0.298348 0.492373 0.231860 0.966886 -0.527667 1.923968 1.744952 2.102982 0.566070 -0.314782 1.476285 -0.467886 -0.678223 -0.257549 0.813699 0.142087 1.507698 0.395361 0.298348 0.492373 1.150384 1.181889 1.117829 0.862470 0.542400 1.182539 0.231860 0.966886 -0.527667 2.743864 2.738415 2.749313 2.400020 2.709332 2.080398 2.743864 2.738415 2.749313 ??? ??? ???
128_2_Dot_Probe_Block2 0.026518 -0.501842 0.642937 0.853614 0.052668 1.654561 -0.318789 -0.751706 0.186280 -0.694256 -2.227266 0.838754 -0.119273 -3.164675 3.433675 -4.303898 -8.441717 -0.166074 1.635590 1.198384 2.145657 -1.660578 -0.171184 -3.149975 -0.318789 -0.751706 0.186280 0.853614 0.052668 1.654561 0.026518 -0.501842 0.642937 -0.694256 -2.227266 0.838754 3.317349 2.964424 3.729097 4.380524 3.234301 5.526745 3.317349 2.964424 3.729097 ??? ??? ???
129_Dot_Probe_Block2 1.483976 1.463148 1.505672 1.967454 1.386201 2.579299 1.184894 1.732316 0.614665 1.417404 3.163856 -0.420967 -7.518963 -8.046747 -6.969214 -10.973395 -9.013104 -13.036880 0.794031 2.359936 -0.837124 1.350846 1.775848 0.903473 1.184894 1.732316 0.614665 1.967454 1.386201 2.579299 1.483976 1.463148 1.505672 1.417404 3.163856 -0.420967 3.019163 2.379178 3.685813 3.188932 3.230676 3.144989 3.019163 2.379178 3.685813 ??? ??? ???
130_Dot_Probe_Block2 -0.269138 -0.662737 0.140206 0.183291 0.126284 0.242491 -1.806195 -1.562502 -2.059634 -1.371308 -1.322218 -1.422286 -0.533581 -1.234078 0.194937 -0.133498 1.630680 -1.965533 0.872475 -1.405481 3.241550 1.457419 1.170071 1.755818 -1.806195 -1.562502 -2.059634 0.183291 0.126284 0.242491 -0.269138 -0.662737 0.140206 -1.371308 -1.322218 -1.422286 -0.144610 -0.312632 0.030133 -0.079715 -0.025337 -0.136184 -0.144610 -0.312632 0.030133 ??? ??? ???
133_Dot_Probe_Block2 -4.086560 -3.935535 -4.241781 -4.549100 -4.724710 -4.373493 -1.368893 -1.053704 -1.692838 -1.016650 -0.630444 -1.402856 -2.674770 -2.241009 -3.120578 -2.158534 -2.134357 -2.182705 -0.363236 -2.236834 1.562406 -1.318960 -2.430525 -0.207395 -1.368893 -1.053704 -1.692838 -4.549100 -4.724710 -4.373493 -4.086560 -3.935535 -4.241781 -1.016650 -0.630444 -1.402856 -2.283031 -2.094484 -2.476813 -2.770574 -2.775496 -2.765652 -2.283031 -2.094484 -2.476813 ??? ??? ???
134_Dot_Probe_Block2 -0.732582 -0.762457 -0.701712 -1.370493 0.555671 -3.296655 -1.202217 -2.529391 0.169199 -1.304005 -1.282990 -1.325022 -4.631332 -5.616785 -3.613040 -5.104735 -4.059702 -6.149762 -0.433923 0.240937 -1.131278 0.288030 0.916730 -0.340670 -1.202217 -2.529391 0.169199 -1.370493 0.555671 -3.296655 -0.732582 -0.762457 -0.701712 -1.304005 -1.282990 -1.325022 0.041423 -0.322724 0.417710 -0.085479 1.979319 -2.150278 0.041423 -0.322724 0.417710 ??? ??? ???
135_Dot_Probe_Block2 -2.292513 -1.901040 -2.683987 -0.584749 0.812101 -2.055115 1.990368 2.053510 1.927226 1.663141 0.870270 2.497742 -1.762385 1.812692 -5.337466 -1.415380 -1.906405 -0.898494 -0.822650 -1.325971 -0.319328 -0.334748 1.295060 -2.050335 1.990368 2.053510 1.927226 -0.584749 0.812101 -2.055115 -2.292513 -1.901040 -2.683987 1.663141 0.870270 2.497742 2.526813 3.457408 1.596218 4.050953 5.905810 2.098470 2.526813 3.457408 1.596218 ??? ??? ???
136_Dot_Probe_Block2 1.163800 1.105413 1.223765 2.627741 2.714489 2.538770 0.227282 -0.798943 1.281244 -0.040368 0.330927 -0.421185 -4.107212 -3.402732 -4.830739 -3.369026 -3.037593 -3.708967 -1.491230 -1.311386 -1.675935 0.245309 1.459646 -1.000165 0.227282 -0.798943 1.281244 2.627741 2.714489 2.538770 1.163800 1.105413 1.223765 -0.040368 0.330927 -0.421185 3.247682 2.698675 3.811527 4.545845 4.665073 4.423559 3.247682 2.698675 3.811527 ??? ??? ???
137_Dot_Probe_Block2 0.208535 0.325390 0.088139 -0.408237 -0.295188 -0.521287 -0.300865 -0.293349 -0.308608 -0.719825 -0.496810 -0.942840 1.536825 1.352054 1.727195 1.512518 0.030707 2.994326 -1.415372 -0.969277 -1.874986 0.812764 0.928143 0.697384 -0.300865 -0.293349 -0.308608 -0.408237 -0.295188 -0.521287 0.208535 0.325390 0.088139 -0.719825 -0.496810 -0.942840 1.419153 1.457832 1.379302 0.474591 0.400124 0.549057 1.419153 1.457832 1.379302 ??? ??? ???
138_Dot_Probe_Block2 -2.268798 1.001673 -5.539268 -1.746543 1.716760 -5.476254 -3.360305 -2.563922 -4.156686 -2.789682 -1.308334 -4.384979 1.158675 1.037408 1.279966 2.337363 -1.267797 6.219845 -0.579086 0.137593 -1.295765 -1.371738 0.850838 -3.765293 -3.360305 -2.563922 -4.156686 -1.746543 1.716760 -5.476254 -2.268798 1.001673 -5.539268 -2.789682 -1.308334 -4.384979 -2.016356 0.323844 -4.356556 -1.047506 1.495558 -3.786191 -2.016356 0.323844 -4.356556 ??? ??? ???
139_Dot_Probe_Block2 -1.202419 -1.950071 -0.454767 -1.456668 -1.019830 -1.893506 0.383085 0.146373 0.619799 0.319184 0.413228 0.225140 1.795276 2.376348 1.214208 1.231006 1.204876 1.257136 1.182235 1.226011 1.138457 -2.303017 -4.015863 -0.590171 0.383085 0.146373 0.619799 -1.456668 -1.019830 -1.893506 -1.202419 -1.950071 -0.454767 0.319184 0.413228 0.225140 -0.066504 0.964266 -1.097274 -0.260758 0.412290 -0.933807 -0.066504 0.964266 -1.097274 ??? ??? ???
141_Dot_Probe_Block2 -1.126060 -1.661409 -0.590711 -0.743683 -0.438455 -1.058758 5.513114 5.960314 5.065913 4.053538 5.684992 2.369458 -3.769568 -5.067437 -2.471690 -5.141408 -2.987876 -7.364410 -0.877837 -0.865278 -0.890395 -0.848253 -3.230016 1.610341 5.513114 5.960314 5.065913 -0.743683 -0.438455 -1.058758 -1.126060 -1.661409 -0.590711 4.053538 5.684992 2.369458 -2.068882 -2.714110 -1.423655 -1.278835 -2.896572 0.391087 -2.068882 -2.714110 -1.423655 ??? ??? ???
142_Dot_Probe_Block2 0.650154 1.287297 0.013011 0.886667 0.819945 0.953389 -0.273655 -0.207634 -0.339675 -1.603308 -1.765453 -1.441165 -0.597856 0.366134 -1.561845 -2.625524 -1.105634 -4.145419 -0.746648 -1.916769 0.423475 1.080016 1.684024 0.476009 -0.273655 -0.207634 -0.339675 0.886667 0.819945 0.953389 0.650154 1.287297 0.013011 -1.603308 -1.765453 -1.441165 0.079143 0.783442 -0.625156 0.302952 0.330527 0.275377 0.079143 0.783442 -0.625156 ??? ??? ???
143_Dot_Probe_Block2 -0.659055 -1.200691 -0.117418 -1.332714 -1.630932 -1.034497 -3.161066 -3.434152 -2.887986 -4.568294 -6.025964 -3.110623 -0.178969 0.019382 -0.377331 -0.672318 -2.066515 0.721872 0.490005 0.727546 0.252463 -1.786148 -2.678125 -0.894171 -3.161066 -3.434152 -2.887986 -1.332714 -1.630932 -1.034497 -0.659055 -1.200691 -0.117418 -4.568294 -6.025964 -3.110623 0.464891 0.091882 0.837900 -1.620896 -2.817556 -0.424234 0.464891 0.091882 0.837900 ??? ??? ???
144_Dot_Probe_Block2 1.821067 1.849642 1.792493 2.575372 2.760655 2.390090 1.233166 1.345540 1.120792 -1.054715 -0.790138 -1.319293 -2.886190 -3.673618 -2.098776 -0.762205 0.654934 -2.179344 0.399247 0.108141 0.690353 1.130816 1.423695 0.837936 1.233166 1.345540 1.120792 2.575372 2.760655 2.390090 1.821067 1.849642 1.792493 -1.054715 -0.790138 -1.319293 4.712784 4.663455 4.762115 4.088911 4.388783 3.789039 4.712784 4.663455 4.762115 ??? ??? ???
145_Dot_Probe_Block2 -0.664177 -0.541218 -0.790289 0.275478 0.243795 0.307160 -1.230822 -1.324105 -1.135148 -0.942222 -0.708847 -1.175597 -2.516459 -2.927493 -2.094885 -0.056975 0.499325 -0.613276 -0.606454 -0.137407 -1.087527 -0.175831 -0.462580 0.110919 -1.230822 -1.324105 -1.135148 0.275478 0.243795 0.307160 -0.664177 -0.541218 -0.790289 -0.942222 -0.708847 -1.175597 -0.385077 -0.349473 -0.421594 -0.005084 -0.467752 0.457585 -0.385077 -0.349473 -0.421594 ??? ??? ???
150_Dot_Probe_Block2 -2.928331 -2.747742 -3.108921 -2.159620 -1.791961 -2.560701 -0.305640 -0.376830 -0.234449 -1.417683 -1.728709 -1.078383 -1.872209 -2.539661 -1.204759 -0.047364 1.574125 -1.816261 -1.586820 -1.110376 -2.063264 0.063838 0.092868 0.032169 -0.305640 -0.376830 -0.234449 -2.159620 -1.791961 -2.560701 -2.928331 -2.747742 -3.108921 -1.417683 -1.728709 -1.078383 -4.197520 -4.284038 -4.111002 -3.976377 -3.863113 -4.099936 -4.197520 -4.284038 -4.111002 ??? ??? ???
151_Dot_Probe_Block2 -1.323164 -1.467308 -1.172467 -0.598286 -1.091244 -0.105330 0.472713 0.367761 0.582438 0.487363 1.619327 -0.644602 -0.266577 2.108401 -2.749508 0.888475 -0.006899 1.783850 -0.437599 0.556945 -1.477350 0.990292 0.486498 1.494083 0.472713 0.367761 0.582438 -0.598286 -1.091244 -0.105330 -1.323164 -1.467308 -1.172467 0.487363 1.619327 -0.644602 -0.027364 -0.537555 0.506018 0.352932 -0.015911 0.721775 -0.027364 -0.537555 0.506018 ??? ??? ???
152_Dot_Probe_Block2 -0.696283 -0.771215 -0.621352 0.014499 -0.176907 0.211076 0.510348 0.068054 0.952642 0.347015 0.214862 0.482740 -0.444741 -1.253991 0.364505 0.488960 1.041812 -0.078844 -0.077899 -1.096443 0.940645 0.704154 0.830012 0.574895 0.510348 0.068054 0.952642 0.014499 -0.176907 0.211076 -0.696283 -0.771215 -0.621352 0.347015 0.214862 0.482740 -0.243933 -0.495957 0.008092 0.706248 0.997012 0.407625 -0.243933 -0.495957 0.008092 ??? ??? ???
153_Dot_Probe_Block2 0.496580 0.758716 0.234446 0.485638 -1.254419 2.660708 -0.893753 0.124364 -1.911870 0.673082 0.677670 0.667344 -6.078942 -5.907593 -6.250266 -4.293284 -4.674696 -3.816513 -3.019221 -3.399879 -2.638556 -2.062837 -1.259159 -3.067436 -0.893753 0.124364 -1.911870 0.485638 -1.254419 2.660708 0.496580 0.758716 0.234446 0.673082 0.677670 0.667344 1.476525 1.729961 1.223090 0.691482 -1.383581 3.285314 1.476525 1.729961 1.223090 ??? ??? ???
155_Dot_Probe_Block2 -9.458992 -10.788493 -8.129490 -6.006104 -4.502090 -7.563833 -9.106915 -7.493446 -10.720388 -10.085069 -8.665492 -11.555352 -0.728783 -0.669678 -0.787889 -0.559091 1.367925 -2.554927 1.202005 0.194377 2.209632 -0.943244 -0.921991 -0.965254 -9.106915 -7.493446 -10.720388 -6.006104 -4.502090 -7.563833 -9.458992 -10.788493 -8.129490 -10.085069 -8.665492 -11.555352 -9.452614 -10.625294 -8.279932 -4.377205 -3.361345 -5.429347 -9.452614 -10.625294 -8.279932 ??? ??? ???
156_Dot_Probe_Block2 0.386561 0.507206 0.260888 -0.059684 -0.181263 0.066958 -0.010310 -0.550748 0.552647 -0.081959 0.271084 -0.449711 -2.967204 -3.405932 -2.510172 -0.924471 1.877903 -3.843627 1.847924 2.002023 1.687401 -0.428270 -1.172830 0.347317 -0.010310 -0.550748 0.552647 -0.059684 -0.181263 0.066958 0.386561 0.507206 0.260888 -0.081959 0.271084 -0.449711 0.952080 1.127541 0.769307 0.666998 0.450244 0.892785 0.952080 1.127541 0.769307 ??? ??? ???
158_Dot_Probe_Block2 -1.333928 -1.812515 -0.837616 -0.589931 -0.809326 -0.370536 -4.587230 -4.695419 -4.475030 -5.387465 -6.280122 -4.494804 -2.414930 -1.886706 -2.962713 -2.092112 -2.800280 -1.383944 2.280687 1.952712 2.620811 1.007174 2.962366 -0.948012 -4.587230 -4.695419 -4.475030 -0.589931 -0.809326 -0.370536 -1.333928 -1.812515 -0.837616 -5.387465 -6.280122 -4.494804 -1.401531 -1.330966 -1.474709 -0.472457 -1.262284 0.317369 -1.401531 -1.330966 -1.474709 ??? ??? ???
159_Dot_Probe_Block2 -1.600216 -2.108672 -1.091758 -0.426795 -0.623880 -0.222411 -0.755775 -0.739515 -0.772036 -0.432444 -0.238201 -0.633881 -4.386189 -4.095361 -4.677012 0.015206 0.801090 -0.799788 -0.555028 -1.644974 0.534920 -0.022117 -0.043372 -0.000074 -0.755775 -0.739515 -0.772036 -0.426795 -0.623880 -0.222411 -1.600216 -2.108672 -1.091758 -0.432444 -0.238201 -0.633881 -1.043342 -1.495771 -0.590912 -0.442433 -0.279274 -0.611634 -1.043342 -1.495771 -0.590912 ??? ??? ???
165_Dot_Probe_Block2 -1.796534 -1.387437 -2.205631 -2.672988 -1.535619 -3.881444 0.636817 1.922380 -0.648745 -0.376903 -0.177195 -0.589092 2.162724 0.048762 4.276684 -0.260834 0.323800 -0.882011 -2.499690 -3.000443 -1.998961 0.223152 1.257096 -0.875413 0.636817 1.922380 -0.648745 -2.672988 -1.535619 -3.881444 -1.796534 -1.387437 -2.205631 -0.376903 -0.177195 -0.589092 -1.845033 -1.423625 -2.266439 -1.899928 -0.753667 -3.117831 -1.845033 -1.423625 -2.266439 ??? ??? ???
166_Dot_Probe_Block2 -1.669431 -2.590864 -0.747997 -0.542219 -0.928612 -0.155825 -1.134613 -0.891923 -1.377303 -1.482553 -1.336912 -1.628194 -1.289978 -2.290726 -0.289209 -3.855821 -1.985552 -5.726098 -1.101930 0.400587 -2.604447 0.291486 -1.981726 2.564698 -1.134613 -0.891923 -1.377303 -0.542219 -0.928612 -0.155825 -1.669431 -2.590864 -0.747997 -1.482553 -1.336912 -1.628194 -0.241595 -1.191057 0.707864 -0.161688 -1.022797 0.699422 -0.241595 -1.191057 0.707864 ??? ??? ???
169_Dot_Probe_Block2 -3.776342 -2.293511 -5.373234 -3.704171 -4.129017 -3.279323 -2.480070 -2.932454 -1.992888 -2.674375 -3.003580 -2.345173 -8.977753 -6.359064 -11.797915 -12.104077 -9.392358 -14.815810 -0.599020 -1.444407 0.311392 -0.613547 -1.329406 0.102308 -2.480070 -2.932454 -1.992888 -3.704171 -4.129017 -3.279323 -3.776342 -2.293511 -5.373234 -2.674375 -3.003580 -2.345173 -2.716656 -0.577483 -5.020380 -3.791421 -4.661451 -2.921389 -2.716656 -0.577483 -5.020380 ??? ??? ???
174_Dot_Probe_Block2 -0.705991 -1.252573 -0.144634 -0.043739 -0.658190 0.570713 -0.902969 -1.279702 -0.516053 -1.812124 -2.159409 -1.464837 -1.567569 -1.745173 -1.385170 -2.008807 -1.763865 -2.253766 0.644264 1.737908 -0.478939 0.968737 1.024050 0.913425 -0.902969 -1.279702 -0.516053 -0.043739 -0.658190 0.570713 -0.705991 -1.252573 -0.144634 -1.812124 -2.159409 -1.464837 12.401134 18.194803 6.450885 14.419923 31.683817 -2.843971 12.401134 18.194803 6.450885 ??? ??? ???
198_Dot_Probe_Block2 -1.264785 -0.942236 -1.587333 0.679300 -0.028063 1.386663 0.592587 1.914357 -0.729181 -1.629113 -2.668446 -0.589781 -5.546297 -5.534452 -5.558105 -3.497922 -3.203427 -3.792411 -0.305307 -0.193917 -0.416698 0.539425 -0.179448 1.258297 0.592587 1.914357 -0.729181 0.679300 -0.028063 1.386663 -1.264785 -0.942236 -1.587333 -1.629113 -2.668446 -0.589781 -1.103994 0.137439 -2.345429 0.947037 0.966452 0.927621 -1.103994 0.137439 -2.345429 ??? ??? ???
199_Dot_Probe_Block2 -2.271837 -3.106556 -1.399174 -2.094988 -1.785282 -2.417599 -2.930264 -3.081331 -2.772330 -4.566970 -4.358208 -4.784431 -3.640048 -2.797529 -4.520878 -2.751549 -1.177584 -4.391091 -0.587260 -1.300087 0.157968 0.286686 0.015920 0.568734 -2.930264 -3.081331 -2.772330 -2.094988 -1.785282 -2.417599 -2.271837 -3.106556 -1.399174 -4.566970 -4.358208 -4.784431 -2.051471 -2.994077 -1.066018 -3.203164 -4.016948 -2.355471 -2.051471 -2.994077 -1.066018 ??? ??? ???
213_Dot_Probe_Block2 -1.559270 -0.894277 -2.257513 -2.432104 -2.750082 -2.114122 -3.285207 -4.570171 -1.935995 -5.686349 -5.354536 -6.018165 -10.065732 -9.436578 -10.726359 -10.784347 -11.346558 -10.222114 -2.373044 -2.666601 -2.064811 -0.869759 0.204973 -1.944494 -3.285207 -4.570171 -1.935995 -2.432104 -2.750082 -2.114122 -1.559270 -0.894277 -2.257513 -5.686349 -5.354536 -6.018165 -2.667930 -1.659159 -3.727139 -4.134033 -4.667832 -3.600235 -2.667930 -1.659159 -3.727139 ??? ??? ???
214_Dot_Probe_Block2 0.591245 0.648649 0.533841 0.746520 0.244134 1.262861 -0.600213 -0.733913 -0.466512 -1.023673 -0.710761 -1.345278 -5.493299 -6.132345 -4.854250 -4.966238 -5.326295 -4.596188 0.051924 -0.448503 0.552352 -0.955929 -1.793828 -0.094756 -0.600213 -0.733913 -0.466512 0.746520 0.244134 1.262861 0.591245 0.648649 0.533841 -1.023673 -0.710761 -1.345278 0.978500 1.041662 0.915338 0.875795 0.498038 1.264046 0.978500 1.041662 0.915338 ??? ??? ???
215_Dot_Probe_Block2 -0.348912 0.034299 -0.732122 -0.394256 -0.396864 -0.391647 1.677736 1.968217 1.387255 1.366809 1.248104 1.485514 -1.606922 -1.612907 -1.600963 -3.782524 -4.799256 -2.765778 0.031807 -0.330386 0.394000 -0.020881 1.153761 -1.195522 1.677736 1.968217 1.387255 -0.394256 -0.396864 -0.391647 -0.348912 0.034299 -0.732122 1.366809 1.248104 1.485514 0.947741 1.677861 0.217622 0.786505 1.091385 0.481625 0.947741 1.677861 0.217622 ??? ??? ???
217_Dot_Probe_Block2 1.622939 2.043689 1.202189 3.330598 2.746239 3.930752 0.782303 1.668667 -0.104063 0.140222 0.408792 -0.135606 -0.386547 -0.257056 -0.516047 0.863659 1.148912 0.570698 0.151981 0.556643 -0.252680 1.913524 2.139251 1.681698 0.782303 1.668667 -0.104063 3.330598 2.746239 3.930752 1.622939 2.043689 1.202189 0.140222 0.408792 -0.135606 7.757368 8.421481 7.093256 8.717113 8.463181 8.977910 7.757368 8.421481 7.093256 ??? ??? ???
218_Dot_Probe_Block2 -5.294338 -5.212758 -5.378119 -4.794077 -4.925701 -4.662452 5.779632 5.367632 6.202767 5.704946 5.036988 6.372906 -1.724523 -1.127635 -2.337545 -0.335447 -0.770313 0.099421 -2.244943 -1.729852 -2.773955 -2.372454 -3.011465 -1.733441 5.779632 5.367632 6.202767 -4.794077 -4.925701 -4.662452 -5.294338 -5.212758 -5.378119 5.704946 5.036988 6.372906 -3.723179 -4.071548 -3.365396 -3.155095 -3.146537 -3.163654 -3.723179 -4.071548 -3.365396 ??? ??? ???
221_Dot_Probe_Block2 -1.813227 -2.179694 -1.446759 0.726041 1.493854 -0.061978 -4.284590 -4.211190 -4.357993 -5.024036 -5.174511 -4.869599 -2.862985 -1.942398 -3.783564 -0.801364 -0.989819 -0.607946 -1.309157 -0.151134 -2.467180 -0.735777 -1.555060 0.105068 -4.284590 -4.211190 -4.357993 0.726041 1.493854 -0.061978 -1.813227 -2.179694 -1.446759 -5.024036 -5.174511 -4.869599 -1.715084 -1.605130 -1.825036 -0.048282 0.614783 -0.728797 -1.715084 -1.605130 -1.825036 ??? ??? ???
222_Dot_Probe_Block2 -0.060750 -0.553557 0.432056 2.096800 2.300385 1.885072 1.543880 1.043498 2.044262 1.739370 1.117875 2.385725 -4.867133 -7.103032 -2.631232 -2.690912 -0.484573 -4.985498 -0.174370 -0.948384 0.599644 -1.463616 -1.670637 -1.248314 1.543880 1.043498 2.044262 2.096800 2.300385 1.885072 -0.060750 -0.553557 0.432056 1.739370 1.117875 2.385725 -0.298983 -0.340949 -0.257018 2.086856 1.952227 2.226870 -0.298983 -0.340949 -0.257018 ??? ??? ???
223_Dot_Probe_Block2 -4.663544 -3.501550 -5.825537 -3.243465 -3.692937 -2.793994 -5.639731 -5.436714 -5.842747 -5.347414 -5.862389 -4.832443 -5.420027 -4.958732 -5.881324 -3.531949 -2.873471 -4.190423 -1.998641 -2.832547 -1.164732 -1.352273 -2.090133 -0.614409 -5.639731 -5.436714 -5.842747 -3.243465 -3.692937 -2.793994 -4.663544 -3.501550 -5.825537 -5.347414 -5.862389 -4.832443 -4.811906 -3.585933 -6.037883 -3.384285 -3.843971 -2.924596 -4.811906 -3.585933 -6.037883 ??? ??? ???
224_Dot_Probe_Block2 -1.921427 -1.457566 -2.385286 -0.434320 -0.717867 -0.150773 -1.019800 -1.605095 -0.434504 -1.341708 -1.234514 -1.448901 -2.736047 -2.806607 -2.665478 -1.972553 -1.474096 -2.471010 -0.356881 -0.207459 -0.506303 0.052943 -0.821740 0.927626 -1.019800 -1.605095 -0.434504 -0.434320 -0.717867 -0.150773 -1.921427 -1.457566 -2.385286 -1.341708 -1.234514 -1.448901 -1.736757 -1.943798 -1.529717 -0.091013 -0.328797 0.146770 -1.736757 -1.943798 -1.529717 ??? ??? ???
225_Dot_Probe_Block2 2.229721 2.169257 2.290184 4.492296 2.585768 6.398824 1.522027 2.734105 0.309950 0.753849 -0.269511 1.777209 0.116164 0.953972 -0.721642 1.246994 1.078683 1.415310 2.652274 1.720351 3.584201 3.009517 2.150864 3.868162 1.522027 2.734105 0.309950 4.492296 2.585768 6.398824 2.229721 2.169257 2.290184 0.753849 -0.269511 1.777209 3.079075 3.635241 2.522909 6.394173 3.591233 9.197113 3.079075 3.635241 2.522909 ??? ??? ???
226_Dot_Probe_Block2 -1.889717 -2.173400 -1.597929 -1.720445 -2.089904 -1.340432 -3.074912 -2.264583 -3.908392 -3.170266 -3.308040 -3.028557 -3.549321 -3.325507 -3.779535 -4.247797 -3.951893 -4.552144 0.664455 0.315978 1.022890 0.700070 0.868620 0.526705 -3.074912 -2.264583 -3.908392 -1.720445 -2.089904 -1.340432 -1.889717 -2.173400 -1.597929 -3.170266 -3.308040 -3.028557 1.199731 1.032623 1.371612 1.742852 1.698566 1.788403 1.199731 1.032623 1.371612 ??? ??? ???
227_Dot_Probe_Block2 -4.276788 -4.248730 -4.305696 -4.206844 -4.388424 -4.025265 -4.364792 -4.150877 -4.585188 -4.995956 -4.707259 -5.284656 -3.614470 -2.633669 -4.624992 -4.135435 -4.537718 -3.733169 -0.740630 0.406283 -1.922299 -0.362628 0.434100 -1.159355 -4.364792 -4.150877 -4.585188 -4.206844 -4.388424 -4.025265 -4.276788 -4.248730 -4.305696 -4.995956 -4.707259 -5.284656 -6.972372 -6.895200 -7.051881 -6.230728 -6.538655 -5.922798 -6.972372 -6.895200 -7.051881 ??? ??? ???
228_Dot_Probe_Block2 1.467508 1.473637 1.461379 1.961013 1.550492 2.371534 1.057967 2.254061 -0.138127 0.946997 0.798576 1.095418 2.043346 0.717713 3.368982 -0.552044 0.189456 -1.293545 -0.653194 -0.357007 -0.949379 -0.922354 -2.427762 0.583054 1.057967 2.254061 -0.138127 1.961013 1.550492 2.371534 1.467508 1.473637 1.461379 0.946997 0.798576 1.095418 3.481526 3.912294 3.050755 4.262521 3.637670 4.887373 3.481526 3.912294 3.050755 ??? ??? ???
229_Dot_Probe_Block2 1.750148 1.879995 1.616791 1.807423 1.036282 2.598337 -0.505602 -1.267929 0.277328 0.040136 -0.259413 0.347365 1.667068 0.601092 2.761856 1.201160 -0.224286 2.663157 -0.129740 -0.314354 0.059864 -0.684746 -0.579540 -0.792650 -0.505602 -1.267929 0.277328 1.807423 1.036282 2.598337 1.750148 1.879995 1.616791 0.040136 -0.259413 0.347365 3.079692 3.033968 3.126652 3.203712 2.710493 3.709579 3.079692 3.033968 3.126652 ??? ??? ???
230_Dot_Probe_Block2 -1.374645 -1.715943 -1.033347 -1.507082 -1.554632 -1.459531 -4.484851 -4.879549 -4.090153 -5.252771 -5.645771 -4.859777 -1.533856 -2.067231 -1.000479 -1.638266 -0.246537 -3.030000 -0.138634 0.758365 -1.035627 0.326857 1.951126 -1.297409 -4.484851 -4.879549 -4.090153 -1.507082 -1.554632 -1.459531 -1.374645 -1.715943 -1.033347 -5.252771 -5.645771 -4.859777 -1.135323 -2.080453 -0.190194 -1.798851 -2.631648 -0.966056 -1.135323 -2.080453 -0.190194 ??? ??? ???
231_Dot_Probe_Block2 -1.131207 -0.633196 -1.629219 -1.333791 -1.111118 -1.563213 -0.774835 -0.445723 -1.103947 -1.581940 -1.858019 -1.297495 -6.769469 -5.816202 -7.722720 -7.176907 -8.294630 -6.025332 -0.482818 -0.502158 -0.463477 0.422542 1.006729 -0.179349 -0.774835 -0.445723 -1.103947 -1.333791 -1.111118 -1.563213 -1.131207 -0.633196 -1.629219 -1.581940 -1.858019 -1.297495 0.362408 0.450980 0.273836 -1.315119 -0.535941 -2.117910 0.362408 0.450980 0.273836 ??? ??? ???
233_Dot_Probe_Block2 -0.085853 -0.131956 -0.039751 1.253946 1.320091 1.186060 1.275874 1.286539 1.265209 0.803057 1.101779 0.496473 -6.420398 -7.262928 -5.577873 -6.249874 -7.294195 -5.178080 -0.328275 -0.341309 -0.315242 0.951923 1.111494 0.788154 1.275874 1.286539 1.265209 1.253946 1.320091 1.186060 -0.085853 -0.131956 -0.039751 0.803057 1.101779 0.496473 2.267207 2.654793 1.879621 3.730619 4.288625 3.157929 2.267207 2.654793 1.879621 ??? ??? ???
234_Dot_Probe_Block2 2.668383 2.615520 2.723069 3.074619 3.532496 2.603272 1.820469 1.009825 2.659068 1.497275 1.954527 1.026574 0.127031 0.696140 -0.461702 -0.350955 -1.470518 0.801552 3.497893 5.197495 1.739687 4.429408 6.179043 2.628295 1.820469 1.009825 2.659068 3.074619 3.532496 2.603272 2.668383 2.615520 2.723069 1.497275 1.954527 1.026574 3.682110 3.393466 3.980708 3.779870 4.062256 3.489178 3.682110 3.393466 3.980708 ??? ??? ???
235_Dot_Probe_Block2 0.791850 1.399427 0.152296 -1.066989 -1.135447 -0.994927 -1.356902 -1.314582 -1.401451 -0.948299 -0.669242 -1.242044 -8.860978 -10.772492 -6.848870 -11.916274 -11.048580 -12.829627 -0.280056 1.198430 -1.836356 1.907350 2.916678 0.844908 -1.356902 -1.314582 -1.401451 -1.066989 -1.135447 -0.994927 0.791850 1.399427 0.152296 -0.948299 -0.669242 -1.242044 2.859527 3.631611 2.046806 0.507103 1.083371 -0.099495 2.859527 3.631611 2.046806 ??? ??? ???
237_Dot_Probe_Block2 -1.760769 -1.348158 -2.184531 -0.601546 -0.443187 -0.759908 -1.865432 -1.694211 -2.041281 -1.883317 -2.499230 -1.267404 -3.113266 -2.012352 -4.243944 -2.934978 -3.258564 -2.611382 -1.262022 -0.383395 -2.164393 -0.126147 1.034421 -1.286716 -1.865432 -1.694211 -2.041281 -0.601546 -0.443187 -0.759908 -1.760769 -1.348158 -2.184531 -1.883317 -2.499230 -1.267404 -1.797908 -1.302717 -2.306487 -0.935985 -0.559029 -1.312937 -1.797908 -1.302717 -2.306487 ??? ??? ???
239_Dot_Probe_Block2 2.711263 3.469219 1.929621 2.510419 2.247691 2.782207 1.711010 1.497329 1.931368 1.337525 -0.014339 2.736006 0.399730 -0.937929 1.779192 0.669895 -0.156273 1.524556 0.547071 1.553136 -0.490429 -0.110023 0.697595 -0.945492 1.711010 1.497329 1.931368 2.510419 2.247691 2.782207 2.711263 3.469219 1.929621 1.337525 -0.014339 2.736006 4.051647 4.545422 3.542441 3.876622 3.804281 3.951456 4.051647 4.545422 3.542441 ??? ??? ???
240_Dot_Probe_Block2 -1.954084 -1.916439 -1.991728 0.314957 0.402577 0.224834 -1.379124 -2.405429 -0.352819 -1.757345 -2.094093 -1.410976 1.034677 0.779563 1.289791 0.822154 1.242323 0.389973 -0.745493 0.452624 -1.943609 -0.388381 0.204252 -0.997947 -1.379124 -2.405429 -0.352819 0.314957 0.402577 0.224834 -1.954084 -1.916439 -1.991728 -1.757345 -2.094093 -1.410976 -0.893229 -1.320937 -0.465520 1.342210 1.311307 1.373996 -0.893229 -1.320937 -0.465520 ??? ??? ???
241_Dot_Probe_Block2 -3.242803 -3.662610 -2.822997 -1.587785 -1.423936 -1.755946 -0.472866 -0.524747 -0.420985 -0.998022 -0.359978 -1.652856 -1.186272 -1.730267 -0.642274 -0.289121 0.505569 -1.104726 -1.956284 -2.792182 -1.120387 -0.831188 -0.791033 -0.872398 -0.472866 -0.524747 -0.420985 -1.587785 -1.423936 -1.755946 -3.242803 -3.662610 -2.822997 -0.998022 -0.359978 -1.652856 -2.707533 -3.269945 -2.145121 -1.057786 -0.420787 -1.711550 -2.707533 -3.269945 -2.145121 ??? ??? ???
242_Dot_Probe_Block2 0.536159 1.283990 -0.234334 0.041414 -0.132800 0.221437 7.456529 8.039634 6.855752 6.474755 6.589210 6.356487 1.201560 1.135307 1.269826 0.442736 1.324175 -0.468082 -0.338245 1.199147 -1.922225 -1.315191 -0.760469 -1.888404 7.456529 8.039634 6.855752 0.041414 -0.132800 0.221437 0.536159 1.283990 -0.234334 6.474755 6.589210 6.356487 4.280521 4.852927 3.690768 3.309856 3.073175 3.554426 4.280521 4.852927 3.690768 ??? ??? ???
243_Dot_Probe_Block2 -0.811960 -0.369256 -1.254665 -0.603448 -0.687704 -0.515952 -0.022462 0.301707 -0.346631 -0.595128 -0.398138 -0.799693 -2.453818 -3.584422 -1.323224 -3.134712 -4.206649 -2.021556 -1.243176 -0.584085 -1.902269 0.337149 -0.375832 1.077553 -0.022462 0.301707 -0.346631 -0.603448 -0.687704 -0.515952 -0.811960 -0.369256 -1.254665 -0.595128 -0.398138 -0.799693 -0.337316 0.194837 -0.869470 -0.442484 -0.146847 -0.749491 -0.337316 0.194837 -0.869470 ??? ??? ???
244_Dot_Probe_Block2 -4.038598 -4.854655 -3.222543 -2.498567 -3.316856 -1.653884 -1.857734 -1.740541 -1.974925 -0.678337 -1.109205 -0.233570 -2.739975 -2.533890 -2.946064 -0.021597 -0.479279 0.450842 -1.352820 -0.488046 -2.217595 -2.026608 -1.445534 -2.626427 -1.857734 -1.740541 -1.974925 -2.498567 -3.316856 -1.653884 -4.038598 -4.854655 -3.222543 -0.678337 -1.109205 -0.233570 -5.379504 -5.591789 -5.167220 -3.772531 -4.471383 -3.051139 -5.379504 -5.591789 -5.167220 ??? ??? ???
245_Dot_Probe_Block2 1.897317 2.662892 1.131742 1.460667 1.181453 1.739882 2.978338 2.469404 3.487273 2.700157 2.721646 2.678667 -0.377219 0.227536 -0.981975 -0.690967 -0.863928 -0.518003 -1.298975 -1.192694 -1.405257 -1.574195 -1.921855 -1.226535 2.978338 2.469404 3.487273 1.460667 1.181453 1.739882 1.897317 2.662892 1.131742 2.700157 2.721646 2.678667 4.281143 4.691736 3.870552 3.851124 3.932290 3.769957 4.281143 4.691736 3.870552 ??? ??? ???
247_Dot_Probe_Block2 2.859118 2.641714 3.076524 1.854123 1.719327 2.005768 2.983216 2.122147 3.844286 0.864879 -0.092962 1.942452 0.276500 -0.263335 0.816343 3.003162 0.241846 6.109645 2.402423 2.349073 2.455773 -0.975993 -0.625717 -1.370053 2.983216 2.122147 3.844286 1.854123 1.719327 2.005768 2.859118 2.641714 3.076524 0.864879 -0.092962 1.942452 3.872384 2.603086 5.141681 3.879449 4.117530 3.611606 3.872384 2.603086 5.141681 ??? ??? ???
248_Dot_Probe_Block2 2.510546 1.902991 3.134978 0.852593 -0.054688 1.786559 1.285721 0.881375 1.701299 0.612711 0.462065 0.767788 0.499637 -0.535973 1.564014 -0.895920 -1.023079 -0.765016 0.157549 -0.815829 1.157964 -0.771542 -1.051499 -0.483350 1.285721 0.881375 1.701299 0.852593 -0.054688 1.786559 2.510546 1.902991 3.134978 0.612711 0.462065 0.767788 6.047071 5.379748 6.732931 4.572791 3.333409 5.848626 6.047071 5.379748 6.732931 ??? ??? ???
249_Dot_Probe_Block2 -1.294088 -1.090860 -1.497317 -2.217543 -3.831369 -0.603738 -1.556993 -1.917799 -1.196187 -1.776195 -1.312162 -2.240227 -6.704501 -6.905830 -6.503170 -9.262861 -6.388627 -12.137090 0.081330 -0.403270 0.565933 -1.923847 -2.884844 -0.962849 -1.556993 -1.917799 -1.196187 -2.217543 -3.831369 -0.603738 -1.294088 -1.090860 -1.497317 -1.776195 -1.312162 -2.240227 -3.815913 -4.131972 -3.499856 -4.509508 -4.730746 -4.288272 -3.815913 -4.131972 -3.499856 ??? ??? ???
251_Dot_Probe_Block2 -1.291192 -1.752715 -0.829670 -0.296387 -0.338568 -0.254206 -0.780126 -0.805572 -0.754680 -1.700841 -1.634881 -1.766799 -3.258149 -3.087288 -3.429017 -1.531808 -1.389677 -1.673941 -0.164876 -0.038371 -0.291384 1.269094 1.586408 0.951777 -0.780126 -0.805572 -0.754680 -0.296387 -0.338568 -0.254206 -1.291192 -1.752715 -0.829670 -1.700841 -1.634881 -1.766799 -1.064066 -1.493489 -0.634644 -0.221828 -0.330521 -0.113133 -1.064066 -1.493489 -0.634644 ??? ??? ???
252_Dot_Probe_Block2 -1.448768 -1.115917 -1.781620 -1.367580 -1.886092 -0.831785 0.490653 1.446692 -0.465386 -0.191401 -0.954169 0.596792 0.487831 0.826249 0.149411 -0.709189 -3.086248 1.747106 -0.402027 -0.811770 0.007715 -0.475395 -0.489073 -0.461262 0.490653 1.446692 -0.465386 -1.367580 -1.886092 -0.831785 -1.448768 -1.115917 -1.781620 -0.191401 -0.954169 0.596792 -0.674532 -0.597721 -0.751344 -1.390744 -2.354075 -0.395302 -0.674532 -0.597721 -0.751344 ??? ??? ???
255_Dot_Probe_Block2 0.538224 1.344511 -0.288737 0.397304 1.134216 -0.339606 0.244633 0.856577 -0.383003 -0.018606 0.418332 -0.455544 -0.883314 0.957918 -2.771758 -1.672922 -0.893269 -2.452563 -0.926477 -0.751875 -1.105555 -1.069291 -1.345739 -0.792845 0.244633 0.856577 -0.383003 0.397304 1.134216 -0.339606 0.538224 1.344511 -0.288737 -0.018606 0.418332 -0.455544 2.360378 3.409657 1.284195 1.969781 2.573678 1.365883 2.360378 3.409657 1.284195 ??? ??? ???
256_Dot_Probe_Block2 3.557993 3.742698 3.368549 3.701560 4.472574 2.930546 2.857885 2.300129 3.429942 2.069535 2.603984 1.535086 1.063846 1.008098 1.121025 1.650844 1.977141 1.324552 1.119574 1.597177 0.629724 1.591735 2.368573 0.814896 2.857885 2.300129 3.429942 3.701560 4.472574 2.930546 3.557993 3.742698 3.368549 2.069535 2.603984 1.535086 5.587037 5.665601 5.506458 4.779600 5.413314 4.145885 5.587037 5.665601 5.506458 ??? ??? ???
257_Dot_Probe_Block2 -4.251760 -2.455039 -7.845208 6.545416 7.620275 4.395718 -2.075888 -2.632611 -0.962440 2.088391 -2.143532 10.552281 1.156466 -2.468589 8.406576 -1.155490 -4.811178 6.155900 -9.679451 -11.927021 -5.184329 0.874200 -2.808006 8.238612 -2.075888 -2.632611 -0.962440 6.545416 7.620275 4.395718 -4.251760 -2.455039 -7.845208 2.088391 -2.143532 10.552281 -3.290561 0.383370 -10.638418 9.676729 8.712204 11.605726 -3.290561 0.383370 -10.638418 ??? ??? ???
263_Dot_Probe_Block2 -1.053065 -1.105556 -0.998076 -0.427430 -1.036649 0.209480 -4.362432 -1.750605 -7.098630 -3.274897 -3.748888 -2.779361 -4.592283 -3.342514 -5.901564 -3.294919 -4.545240 -1.987766 -1.905725 -2.490797 -1.292793 -0.682129 -1.515886 0.189529 -4.362432 -1.750605 -7.098630 -0.427430 -1.036649 0.209480 -1.053065 -1.105556 -0.998076 -3.274897 -3.748888 -2.779361 -0.319560 -0.436339 -0.197221 0.011731 -0.079226 0.106821 -0.319560 -0.436339 -0.197221 ??? ??? ???
264_Dot_Probe_Block2 -0.895320 -1.454203 -0.336436 -0.238450 0.130538 -0.623481 0.235392 1.163808 -0.693023 0.316064 -0.123483 0.774722 -0.137056 -2.126690 1.852579 -4.411299 -3.577683 -5.281165 -1.106043 -0.797014 -1.415069 0.524212 1.459011 -0.451230 0.235392 1.163808 -0.693023 -0.238450 0.130538 -0.623481 -0.895320 -1.454203 -0.336436 0.316064 -0.123483 0.774722 -1.294094 -1.437060 -1.151127 -0.126056 -0.097117 -0.156254 -1.294094 -1.437060 -1.151127 ??? ??? ???
266_Dot_Probe_Block2 -1.633063 -1.450164 -1.815962 -2.304772 -2.819102 -1.774367 -4.855415 -6.031937 -3.678895 -4.190154 -4.756067 -3.606555 -1.856390 -1.388143 -2.324637 -1.375520 -2.435700 -0.282208 -1.514468 -1.505639 -1.523296 -2.507797 -3.346145 -1.643250 -4.855415 -6.031937 -3.678895 -2.304772 -2.819102 -1.774367 -1.633063 -1.450164 -1.815962 -4.190154 -4.756067 -3.606555 -2.090338 -1.564072 -2.616606 -2.429797 -2.843956 -2.002698 -2.090338 -1.564072 -2.616606 ??? ??? ???
267_Dot_Probe_Block2 -2.567319 -2.254900 -2.879737 -2.523997 -2.709388 -2.333309 -3.157102 -3.351450 -2.962757 -3.982855 -4.277449 -3.679844 -4.994472 -5.939720 -4.049232 -5.848599 -6.173766 -5.514148 -2.165671 -1.129353 -3.201993 -3.278890 -3.365562 -3.189744 -3.157102 -3.351450 -2.962757 -2.523997 -2.709388 -2.333309 -2.567319 -2.254900 -2.879737 -3.982855 -4.277449 -3.679844 -3.082130 -3.165104 -2.999156 -2.704221 -3.103993 -2.293027 -3.082130 -3.165104 -2.999156 ??? ??? ???
269_Dot_Probe_Block2 -2.513673 -2.791485 -2.235861 -2.691924 -3.487500 -1.896347 -2.437595 -1.952655 -2.922534 -3.333886 -2.807470 -3.860302 -2.575634 -2.437535 -2.713734 -2.082425 -2.580334 -1.584517 -0.498524 -0.132458 -0.864590 -0.909839 -2.082708 0.263031 -2.437595 -1.952655 -2.922534 -2.691924 -3.487500 -1.896347 -2.513673 -2.791485 -2.235861 -3.333886 -2.807470 -3.860302 -0.438136 -0.826799 -0.049472 -0.890386 -1.555291 -0.225480 -0.438136 -0.826799 -0.049472 ??? ??? ???
271_Dot_Probe_Block2 0.458363 1.999991 -1.468670 -3.783312 -7.876598 0.309970 4.886650 7.918091 1.097350 -1.471527 0.358265 -3.301320 0.625970 3.897884 -3.463918 0.363302 -4.006689 4.733294 -3.498131 -3.908750 -2.984858 -5.770274 -10.820785 -0.719760 4.886650 7.918091 1.097350 -3.783312 -7.876598 0.309970 0.458363 1.999991 -1.468670 -1.471527 0.358265 -3.301320 -2.017993 1.396537 -6.286148 -6.764235 -7.769032 -5.759435 -2.017993 1.396537 -6.286148 ??? ??? ???
272_Dot_Probe_Block2 -1.079035 -2.104270 -0.026820 -0.940653 -0.409639 -1.471668 -2.019154 -2.291791 -1.739344 -2.669715 -3.049538 -2.289895 -1.454934 -2.116205 -0.776267 -1.371162 -1.457030 -1.285293 -0.531285 -0.745436 -0.311497 0.667714 0.103595 1.231833 -2.019154 -2.291791 -1.739344 -0.940653 -0.409639 -1.471668 -1.079035 -2.104270 -0.026820 -2.669715 -3.049538 -2.289895 -1.193004 -2.450899 0.097994 -0.770493 -0.527613 -1.013372 -1.193004 -2.450899 0.097994 ??? ??? ???
280_Dot_Probe_Block2 -7.513869 -7.603596 -7.424141 -7.072994 -6.578416 -7.583525 -11.281850 -10.730538 -11.833162 -12.060493 -13.084597 -11.003355 -5.893272 -5.490199 -6.296344 -6.220013 -7.189884 -5.218855 0.789585 1.304357 0.274814 1.308091 3.151651 -0.594938 -11.281850 -10.730538 -11.833162 -7.072994 -6.578416 -7.583525 -7.513869 -7.603596 -7.424141 -12.060493 -13.084597 -11.003355 -4.465380 -5.137794 -3.792965 -3.658293 -4.591864 -2.694608 -4.465380 -5.137794 -3.792965 ??? ??? ???
281_Dot_Probe_Block2 -1.565315 -1.629240 -1.499709 -1.151731 -1.671528 -0.631937 -0.532094 -0.879486 -0.175560 -1.937399 -2.864881 -1.009918 0.447579 0.276400 0.623263 -0.651894 -0.988576 -0.315210 -0.105799 -0.892147 0.701242 -0.039051 -0.260803 0.182700 -0.532094 -0.879486 -0.175560 -1.151731 -1.671528 -0.631937 -1.565315 -1.629240 -1.499709 -1.937399 -2.864881 -1.009918 -4.003808 -4.335151 -3.663745 -3.662430 -4.341644 -2.983214 -4.003808 -4.335151 -3.663745 ??? ??? ???
284_Dot_Probe_Block2 -2.920582 -3.380275 -2.460888 -2.441608 -2.593296 -2.289918 -2.450495 -2.676057 -2.224933 -2.785989 -2.865520 -2.706460 -4.951855 -5.251508 -4.652208 -4.772382 -5.211457 -4.333309 -2.404955 -3.144226 -1.665684 -0.278754 -0.604105 0.046598 -2.450495 -2.676057 -2.224933 -2.441608 -2.593296 -2.289918 -2.920582 -3.380275 -2.460888 -2.785989 -2.865520 -2.706460 -2.524033 -2.902717 -2.145349 -2.033645 -2.024369 -2.042923 -2.524033 -2.902717 -2.145349 ??? ??? ???
285_Dot_Probe_Block2 -0.553996 -0.469881 -0.640826 0.534233 -0.398800 1.467266 0.290151 0.859938 -0.298020 -0.979022 -0.908153 -1.049892 -0.974939 -2.030369 0.114535 -0.086943 0.294504 -0.468376 -1.440349 -1.423469 -1.457773 0.180257 0.667638 -0.307124 0.290151 0.859938 -0.298020 0.534233 -0.398800 1.467266 -0.553996 -0.469881 -0.640826 -0.979022 -0.908153 -1.049892 0.946649 1.467923 0.408563 1.942105 0.531893 3.352316 0.946649 1.467923 0.408563 ??? ??? ???
290_Dot_Probe_Block2 -0.392813 -0.651045 -0.134580 0.785273 0.812191 0.758354 0.604698 0.850793 0.358603 0.702298 0.597770 0.806826 -2.842511 -4.102710 -1.582306 -3.846800 -3.192864 -4.500743 -0.757088 -0.279071 -1.235105 1.020353 0.570448 1.470258 0.604698 0.850793 0.358603 0.785273 0.812191 0.758354 -0.392813 -0.651045 -0.134580 0.702298 0.597770 0.806826 -0.304002 0.507284 -1.115288 2.769101 2.728630 2.809571 -0.304002 0.507284 -1.115288 ??? ??? ???
292_Dot_Probe_Block2 0.427475 0.225682 0.629266 0.296476 0.979962 -0.387010 -0.087812 0.396793 -0.572415 -0.614086 0.549797 -1.777969 -4.476436 -1.608402 -7.344471 -3.754737 -2.179341 -5.330110 0.809120 0.461161 1.157080 0.088344 0.734324 -0.557636 -0.087812 0.396793 -0.572415 0.296476 0.979962 -0.387010 0.427475 0.225682 0.629266 -0.614086 0.549797 -1.777969 1.054763 0.765152 1.344375 1.326348 2.347342 0.305354 1.054763 0.765152 1.344375 ??? ??? ???
294_Dot_Probe_Block2 -3.236061 -3.739372 -2.712620 -3.773213 -3.472283 -4.088474 0.020827 -0.325902 0.381424 -0.814417 -0.907783 -0.716606 0.150574 0.331581 -0.037690 -4.341561 -4.696386 -3.969846 0.593927 0.526253 0.664308 -0.020537 -0.524620 0.507551 0.020827 -0.325902 0.381424 -3.773213 -3.472283 -4.088474 -3.236061 -3.739372 -2.712620 -0.814417 -0.907783 -0.716606 -4.331876 -4.693374 -3.955922 -4.465262 -4.237800 -4.703557 -4.331876 -4.693374 -3.955922 ??? ??? ???
295_Dot_Probe_Block2 -3.000335 -2.592499 -3.408167 -1.816180 -1.516003 -2.116372 0.017952 -0.106530 0.142433 -0.273531 -0.236378 -0.310684 -4.673052 -4.802570 -4.543532 -5.957607 -6.569875 -5.345347 -4.303394 -4.143871 -4.462918 -2.860127 -3.670583 -2.049671 0.017952 -0.106530 0.142433 -1.816180 -1.516003 -2.116372 -3.000335 -2.592499 -3.408167 -0.273531 -0.236378 -0.310684 -3.288244 -3.093573 -3.482912 -2.044034 -2.309464 -1.778602 -3.288244 -3.093573 -3.482912 ??? ??? ???
296_Dot_Probe_Block2 -1.538272 -1.566657 -1.509158 -1.379704 -0.616950 -2.163074 2.476131 2.467254 2.485235 2.252792 1.855423 2.660901 -3.023181 -3.219229 -2.822102 -1.008706 -1.336010 -0.672557 0.830989 0.985039 0.672988 1.107798 0.691642 1.535201 2.476131 2.467254 2.485235 -1.379704 -0.616950 -2.163074 -1.538272 -1.566657 -1.509158 2.252792 1.855423 2.660901 1.796802 2.650079 0.921646 2.836717 2.733043 2.943192 1.796802 2.650079 0.921646 ??? ??? ???
297_Dot_Probe_Block2 -3.752785 -3.343893 -4.175777 -3.205154 -3.433604 -2.976703 -3.703630 -4.120747 -3.272129 -5.177109 -5.401544 -4.952677 -1.969736 0.494309 -4.518742 -2.662297 -3.933541 -1.391042 -1.477868 -1.188076 -1.777651 -0.962128 -1.125057 -0.799199 -3.703630 -4.120747 -3.272129 -3.205154 -3.433604 -2.976703 -3.752785 -3.343893 -4.175777 -5.177109 -5.401544 -4.952677 -5.736379 -5.523998 -5.956086 -4.982885 -4.878062 -5.087710 -5.736379 -5.523998 -5.956086 ??? ??? ???
298_Dot_Probe_Block2 0.039916 0.426476 -0.357091 -0.691847 -0.864596 -0.519098 -6.614598 -6.445834 -6.787924 -7.649582 -7.562730 -7.736432 -3.093502 -2.879529 -3.313238 -3.538820 -2.857797 -4.219826 0.399926 0.621093 0.172780 -0.194355 -0.801450 0.412741 -6.614598 -6.445834 -6.787924 -0.691847 -0.864596 -0.519098 0.039916 0.426476 -0.357091 -7.649582 -7.562730 -7.736432 -2.902640 -2.288063 -3.533827 -3.646270 -3.126528 -4.166012 -2.902640 -2.288063 -3.533827 ??? ??? ???
304_Dot_Probe_Block2 -2.942613 -2.979794 -2.903814 -2.560464 -1.729826 -3.430655 -0.040823 -0.071357 -0.008963 0.158689 0.553894 -0.255334 -11.710777 -11.957255 -11.453552 -12.848046 -12.891720 -12.802277 -0.822008 -2.197067 0.612835 -0.853677 -1.748626 0.083890 -0.040823 -0.071357 -0.008963 -2.560464 -1.729826 -3.430655 -2.942613 -2.979794 -2.903814 0.158689 0.553894 -0.255334 -2.254831 -2.763902 -1.723627 -1.611234 -0.455556 -2.821942 -2.254831 -2.763902 -1.723627 ??? ??? ???
305_Dot_Probe_Block2 0.079961 -0.015616 0.175539 0.016274 0.162072 -0.133574 -2.189789 -2.785950 -1.593629 -2.098793 -2.190887 -2.004143 0.949428 0.928588 0.970269 0.464943 0.323251 0.610570 -0.930791 -0.927758 -0.933823 -0.845381 -1.060879 -0.623897 -2.189789 -2.785950 -1.593629 0.016274 0.162072 -0.133574 0.079961 -0.015616 0.175539 -2.098793 -2.190887 -2.004143 0.657126 0.353468 0.960784 1.237873 1.396832 1.074499 0.657126 0.353468 0.960784 ??? ??? ???
310_Dot_Probe_Block2 -1.722109 -1.715516 -1.728901 -0.891591 -0.748033 -1.039371 -1.171379 -1.833578 -0.489113 -1.787873 -1.720439 -1.857291 -1.990049 -1.923007 -2.059127 -2.870215 -3.592211 -2.126984 -0.737108 -0.588336 -0.890388 0.584667 0.895695 0.264490 -1.171379 -1.833578 -0.489113 -0.891591 -0.748033 -1.039371 -1.722109 -1.715516 -1.728901 -1.787873 -1.720439 -1.857291 1.125028 1.139631 1.109983 2.073323 2.321129 1.818228 1.125028 1.139631 1.109983 ??? ??? ???
67_Dot_Probe_Block2 -0.415017 -0.719287 -0.085390 -1.661667 -0.872581 -2.516508 2.740849 2.810121 2.665807 -0.424567 -1.079081 0.284490 -2.577104 -2.307209 -2.869501 -2.667334 -4.915721 -0.231584 -1.761299 0.243508 -3.933158 -1.477743 0.621872 -3.752341 2.740849 2.810121 2.665807 -1.661667 -0.872581 -2.516508 -0.415017 -0.719287 -0.085390 -0.424567 -1.079081 0.284490 -0.799818 -0.520402 -1.102518 -0.802719 -0.678072 -0.937754 -0.799818 -0.520402 -1.102518 ??? ??? ???
70_Dot_Probe_Block2 -1.996395 -2.266330 -1.726462 -1.485269 -1.374791 -1.595744 5.173948 5.936630 4.411269 4.019594 5.090797 2.948392 5.986892 5.858726 6.115048 8.415436 9.190187 7.640671 1.990480 2.272883 1.708080 3.494262 3.550892 3.437636 5.173948 5.936630 4.411269 -1.485269 -1.374791 -1.595744 -1.996395 -2.266330 -1.726462 4.019594 5.090797 2.948392 -1.078177 -1.507146 -0.649207 -1.185297 -0.747808 -1.622786 -1.078177 -1.507146 -0.649207 ??? ??? ???
71_Dot_Probe_Block2 0.836330 0.725376 0.947284 0.299565 0.057962 0.548273 -0.495631 -0.787316 -0.203946 -0.874968 -1.231600 -0.507848 1.168949 -0.318298 2.656215 -0.214984 -0.947776 0.539365 -1.618601 -0.799880 -2.437320 -0.630469 -0.299382 -0.971296 -0.495631 -0.787316 -0.203946 0.299565 0.057962 0.548273 0.836330 0.725376 0.947284 -0.874968 -1.231600 -0.507848 3.221918 2.490914 3.952923 2.216474 2.104118 2.332134 3.221918 2.490914 3.952923 ??? ??? ???
73_Dot_Probe_Block2 -0.387282 -0.645162 -0.117122 -1.494685 -1.789898 -1.199474 -1.816376 -2.452149 -1.150328 -3.872503 -3.127016 -4.617994 2.955814 0.348152 5.687685 -0.777747 -2.596281 1.040783 2.794765 2.481579 3.122869 -1.015955 0.070136 -2.102045 -1.816376 -2.452149 -1.150328 -1.494685 -1.789898 -1.199474 -0.387282 -0.645162 -0.117122 -3.872503 -3.127016 -4.617994 -1.473604 -1.362796 -1.589691 -1.896881 -2.417363 -1.376397 -1.473604 -1.362796 -1.589691 ??? ??? ???
